#          omega_b,        omega_cdm,                h,     ln10^{10}A_s,              n_s,         tau_reio,  delta_Neff_drmd,       f_idm_drmd,      log10z_stop, log10_G_over_aH_drmd,         A_planck,           z_reio,     Omega_Lambda,              YHe,              A_s,           sigma8,      100*theta_s,               H0,             rs_d,          Omega_m,           f_drmd,       z_dec_drmd
 1.582850e-07	-5.683278e-08	 6.336985e-06	-1.849458e-06	 1.436539e-06	-1.931211e-07	 3.915643e-05	-3.631571e-07	 1.305090e-05	-5.146209e-04	 3.964427e-07	-5.501673e-05	 5.251662e-06	 6.556067e-08	-4.148595e-15	-1.054910e-06	 4.577504e-08	 6.320812e-04	-3.147542e-04	-5.280091e-06	 4.422500e-06	 8.680072e-02	
-5.683278e-08	 3.043106e-05	-3.813786e-05	 3.106918e-05	-1.063393e-05	-1.259987e-05	 5.473369e-04	 7.634104e-05	 8.652656e-04	-1.503632e-03	 2.346367e-06	-6.675456e-04	-9.325662e-05	 3.520395e-09	 6.973712e-14	 2.750453e-05	 7.806693e-07	-3.751530e-03	-9.329308e-03	 9.384993e-05	 6.239152e-05	 2.477231e+00	
 6.336985e-06	-3.813786e-05	 4.361673e-04	-2.201741e-04	 1.002852e-04	 6.018225e-06	 2.094875e-03	-1.745428e-04	-9.806261e-04	-2.533407e-02	 7.776325e-06	-1.340875e-03	 4.395865e-04	 2.580068e-06	-4.789592e-13	-6.577363e-05	 3.218881e-06	 4.334967e-02	-6.639554e-03	-4.415895e-04	 2.354149e-04	-7.839504e-01	
-1.849458e-06	 3.106918e-05	-2.201741e-04	 6.940786e-04	-1.068882e-05	 1.991640e-04	-9.334046e-04	 1.972852e-04	-1.321020e-03	 1.025170e-02	 5.522666e-05	 2.073785e-02	-2.523955e-04	-6.736148e-07	 1.489776e-12	 1.410384e-04	 1.663212e-06	-2.175014e-02	-1.078339e-03	 2.517793e-04	-1.060388e-04	-4.002189e+00	
 1.436539e-06	-1.063393e-05	 1.002852e-04	-1.068882e-05	 1.012316e-04	 1.297526e-05	 3.455562e-04	 2.652083e-05	-9.477228e-04	-5.312869e-03	 4.299212e-06	 8.613950e-04	 1.035209e-04	 5.742664e-07	-2.848353e-14	-6.504444e-05	 3.295963e-06	 1.001309e-02	-3.295232e-04	-1.045329e-04	 3.832895e-05	-2.559018e+00	
-1.931211e-07	-1.259987e-05	 6.018225e-06	 1.991640e-04	 1.297526e-05	 1.081504e-04	-2.930481e-04	-3.037478e-05	-1.547901e-03	 1.309885e-03	 7.356972e-07	 1.054840e-02	 2.925891e-05	-7.953849e-08	 4.274024e-13	 4.973646e-05	-2.608787e-07	 5.956403e-04	 4.420414e-03	-2.996280e-05	-3.463633e-05	-4.029962e+00	
 3.915643e-05	 5.473369e-04	 2.094875e-03	-9.334046e-04	 3.455562e-04	-2.930481e-04	 3.066449e-02	 5.634126e-04	 1.708902e-02	-2.175283e-01	 9.247781e-05	-2.597770e-02	 6.499698e-04	 1.660232e-05	-1.957029e-12	 4.459807e-04	 2.995034e-05	 2.091668e-01	-2.985864e-01	-6.475403e-04	 3.470570e-03	 6.244684e+01	
-3.631571e-07	 7.634104e-05	-1.745428e-04	 1.972852e-04	 2.652083e-05	-3.037478e-05	 5.634126e-04	 4.504909e-04	 2.164627e-03	-6.087698e-03	 9.856006e-06	-1.475205e-03	-3.064527e-04	-8.023938e-08	 4.228763e-13	-1.364197e-04	 4.874688e-06	-1.711638e-02	-1.945765e-02	 3.079039e-04	 6.441282e-05	 7.482251e+00	
 1.305090e-05	 8.652656e-04	-9.806261e-04	-1.321020e-03	-9.477228e-04	-1.547901e-03	 1.708902e-02	 2.164627e-03	 1.214326e-01	-3.022243e-01	 1.132010e-04	-1.401805e-01	-2.512440e-03	 5.634516e-06	-2.848400e-12	 1.507462e-03	-4.817020e-05	-9.523867e-02	-2.896792e-01	 2.606865e-03	 2.044718e-03	 2.838371e+02	
-5.146209e-04	-1.503632e-03	-2.533407e-02	 1.025170e-02	-5.312869e-03	 1.309885e-03	-2.175283e-01	-6.087698e-03	-3.022243e-01	 6.899439e+00	 5.388341e-04	 1.929502e-01	-1.759489e-02	-2.051142e-04	 2.261983e-11	 3.952245e-05	-1.655274e-04	-2.549082e+00	 1.867321e+00	 1.741450e-02	-2.534872e-02	-1.446043e+03	
 3.964427e-07	 2.346367e-06	 7.776325e-06	 5.522666e-05	 4.299212e-06	 7.356972e-07	 9.247781e-05	 9.856006e-06	 1.132010e-04	 5.388341e-04	 2.662862e-05	 5.828937e-05	 8.989136e-07	 1.837068e-07	 1.165993e-13	 1.895023e-05	 3.355799e-07	 8.021656e-04	-1.308962e-03	-1.399561e-06	 1.088377e-05	 2.068315e-01	
-5.501673e-05	-6.675456e-04	-1.340875e-03	 2.073785e-02	 8.613950e-04	 1.054840e-02	-2.597770e-02	-1.475205e-03	-1.401805e-01	 1.929502e-01	 5.828937e-05	 1.049643e+00	 1.467410e-04	-2.224809e-05	 4.456674e-11	 5.693362e-03	-1.938035e-05	-1.333632e-01	 3.263392e-01	-2.044535e-04	-3.073794e-03	-3.700499e+02	
 5.251662e-06	-9.325662e-05	 4.395865e-04	-2.523955e-04	 1.035209e-04	 2.925891e-05	 6.499698e-04	-3.064527e-04	-2.512440e-03	-1.759489e-02	 8.989136e-07	 1.467410e-04	 5.566582e-04	 2.084391e-06	-5.535894e-13	-1.056405e-04	 1.124971e-06	 4.360094e-02	 1.340772e-02	-5.594319e-04	 7.147687e-05	-5.654800e+00	
 6.556067e-08	 3.520395e-09	 2.580068e-06	-6.736148e-07	 5.742664e-07	-7.953849e-08	 1.660232e-05	-8.023938e-08	 5.634516e-06	-2.051142e-04	 1.837068e-07	-2.224809e-05	 2.084391e-06	 2.724246e-08	-1.517938e-15	-4.026131e-07	 1.964499e-08	 2.573867e-04	-1.380736e-04	-2.096683e-06	 1.874614e-06	 3.577675e-02	
-4.148595e-15	 6.973712e-14	-4.789592e-13	 1.489776e-12	-2.848353e-14	 4.274024e-13	-1.957029e-12	 4.228763e-13	-2.848400e-12	 2.261983e-11	 1.165993e-13	 4.456674e-11	-5.535894e-13	-1.517938e-15	 3.202481e-21	 3.074992e-13	 3.676012e-15	-4.733553e-11	-3.033911e-12	 5.526172e-13	-2.223967e-13	-8.987549e-09	
-1.054910e-06	 2.750453e-05	-6.577363e-05	 1.410384e-04	-6.504444e-05	 4.973646e-05	 4.459807e-04	-1.364197e-04	 1.507462e-03	 3.952245e-05	 1.895023e-05	 5.693362e-03	-1.056405e-04	-4.026131e-07	 3.074992e-13	 3.259639e-04	-3.095338e-06	-6.546688e-03	-7.492896e-03	 1.065443e-04	 5.360508e-05	 2.385471e+00	
 4.577504e-08	 7.806693e-07	 3.218881e-06	 1.663212e-06	 3.295963e-06	-2.608787e-07	 2.995034e-05	 4.874688e-06	-4.817020e-05	-1.655274e-04	 3.355799e-07	-1.938035e-05	 1.124971e-06	 1.964499e-08	 3.676012e-15	-3.095338e-06	 5.772362e-07	 3.190014e-04	-3.514547e-04	-1.132268e-06	 3.368032e-06	-1.325605e-01	
 6.320812e-04	-3.751530e-03	 4.334967e-02	-2.175014e-02	 1.001309e-02	 5.956403e-04	 2.091668e-01	-1.711638e-02	-9.523867e-02	-2.549082e+00	 8.021656e-04	-1.333632e-01	 4.360094e-02	 2.573867e-04	-4.733553e-11	-6.546688e-03	 3.190014e-04	 4.309110e+00	-6.755799e-01	-4.380017e-02	 2.350872e-02	-6.649330e+01	
-3.147542e-04	-9.329308e-03	-6.639554e-03	-1.078339e-03	-3.295232e-04	 4.420414e-03	-2.985864e-01	-1.945765e-02	-2.896792e-01	 1.867321e+00	-1.308962e-03	 3.263392e-01	 1.340772e-02	-1.380736e-04	-3.033911e-12	-7.492896e-03	-3.514547e-04	-6.755799e-01	 3.764606e+00	-1.352912e-02	-3.391256e-02	-9.473261e+02	
-5.280091e-06	 9.384993e-05	-4.415895e-04	 2.517793e-04	-1.045329e-04	-2.996280e-05	-6.475403e-04	 3.079039e-04	 2.606865e-03	 1.741450e-02	-1.399561e-06	-2.044535e-04	-5.594319e-04	-2.096683e-06	 5.526172e-13	 1.065443e-04	-1.132268e-06	-4.380017e-02	-1.352912e-02	 5.623809e-04	-7.113880e-05	 5.819428e+00	
 4.422500e-06	 6.239152e-05	 2.354149e-04	-1.060388e-04	 3.832895e-05	-3.463633e-05	 3.470570e-03	 6.441282e-05	 2.044718e-03	-2.534872e-02	 1.088377e-05	-3.073794e-03	 7.147687e-05	 1.874614e-06	-2.223967e-13	 5.360508e-05	 3.368032e-06	 2.350872e-02	-3.391256e-02	-7.113880e-05	 3.933541e-04	 7.346014e+00	
 8.680072e-02	 2.477231e+00	-7.839504e-01	-4.002189e+00	-2.559018e+00	-4.029962e+00	 6.244684e+01	 7.482251e+00	 2.838371e+02	-1.446043e+03	 2.068315e-01	-3.700499e+02	-5.654800e+00	 3.577675e-02	-8.987549e-09	 2.385471e+00	-1.325605e-01	-6.649330e+01	-9.473261e+02	 5.819428e+00	 7.346014e+00	 9.507876e+05	
