#          omega_b,        omega_cdm,                h,     ln10^{10}A_s,              n_s,         tau_reio,  delta_Neff_drmd,       f_idm_drmd,      log10z_stop,         A_planck,           z_reio,     Omega_Lambda,              YHe,              A_s,           sigma8,      100*theta_s,               H0,             rs_d,          Omega_m,           f_drmd,       z_dec_drmd
 1.963980e-07	 4.290132e-07	 1.062748e-05	-5.294016e-07	 2.732477e-06	 1.559752e-06	 8.494606e-05	-5.346329e-07	-6.814596e-05	 3.875599e-08	 1.193974e-04	 7.688471e-06	 8.153811e-08	-1.046537e-15	-9.682156e-07	 1.355162e-07	 1.062003e-03	-6.957361e-04	-7.689727e-06	 1.002967e-05	-1.072615e-17	
 4.290132e-07	 2.255476e-05	 4.475719e-05	-1.685443e-05	-6.720327e-06	-3.497558e-06	 1.023343e-03	 1.519191e-04	-1.196854e-03	-9.058356e-07	-8.267167e-05	-1.034503e-05	 1.798045e-07	-3.437219e-14	 3.530095e-05	 4.734593e-07	 4.470310e-03	-1.070198e-02	 1.033310e-05	 1.216693e-04	-9.543506e-17	
 1.062748e-05	 4.475719e-05	 7.804301e-04	-9.612968e-05	 2.017555e-04	 1.097846e-04	 6.922709e-03	-4.132157e-05	-5.301408e-03	-3.620622e-06	 9.413319e-03	 5.453031e-04	 4.414981e-06	-1.966787e-13	-5.423541e-05	 1.071830e-05	 7.797162e-02	-5.353858e-02	-5.453915e-04	 8.197597e-04	-7.504478e-16	
-5.294016e-07	-1.685443e-05	-9.612968e-05	 1.780591e-03	 1.153245e-05	 8.107104e-04	-1.269453e-03	-1.073885e-03	 9.935384e-05	 5.304717e-05	 8.012398e-02	-4.291182e-05	-2.248578e-07	 3.776840e-12	 7.158000e-04	-9.818902e-07	-9.668484e-03	 1.055188e-02	 4.250683e-05	-1.489570e-04	-7.209848e-16	
 2.732477e-06	-6.720327e-06	 2.017555e-04	 1.153245e-05	 1.150027e-04	 5.674111e-05	 1.227009e-03	-3.467322e-04	-7.957715e-04	-1.152637e-06	 4.929817e-03	 1.803702e-04	 1.131364e-06	 2.583285e-14	-2.325166e-05	 3.016668e-06	 2.015348e-02	-6.731524e-03	-1.804335e-04	 1.454299e-04	-2.847472e-16	
 1.559752e-06	-3.497558e-06	 1.097846e-04	 8.107104e-04	 5.674111e-05	 4.397712e-04	 6.776888e-04	-4.411674e-04	-1.148684e-03	-8.648551e-06	 4.308876e-02	 9.896380e-05	 6.467753e-07	 1.723078e-12	 3.157873e-04	 1.317757e-06	 1.093208e-02	-3.841650e-03	-9.921110e-05	 8.208054e-05	-6.472411e-16	
 8.494606e-05	 1.023343e-03	 6.922709e-03	-1.269453e-03	 1.227009e-03	 6.776888e-04	 8.162610e-02	 4.532731e-03	-7.496806e-02	-6.097846e-05	 6.599153e-02	 3.542895e-03	 3.534143e-05	-2.596709e-12	 6.903050e-04	 8.083980e-05	 6.915562e-01	-7.129255e-01	-3.543830e-03	 9.683117e-03	-8.284934e-15	
-5.346329e-07	 1.519191e-04	-4.132157e-05	-1.073885e-03	-3.467322e-04	-4.411674e-04	 4.532731e-03	 6.570381e-02	-3.209046e-02	-1.412101e-04	-4.068035e-02	-3.469675e-04	-2.171355e-07	-2.318355e-12	-1.860972e-04	-6.317853e-06	-4.370908e-03	-5.788630e-02	 3.450037e-04	 5.424450e-04	 3.897261e-16	
-6.814596e-05	-1.196854e-03	-5.301408e-03	 9.935384e-05	-7.957715e-04	-1.148684e-03	-7.496806e-02	-3.209046e-02	 6.861735e-01	 2.177504e-04	-1.112751e-01	-1.919717e-03	-2.806165e-05	 1.147836e-13	-1.846717e-03	-5.615643e-05	-5.279643e-01	 7.134338e-01	 1.925752e-03	-9.023371e-03	 2.371322e-14	
 3.875599e-08	-9.058356e-07	-3.620622e-06	 5.304717e-05	-1.152637e-06	-8.648551e-06	-6.097846e-05	-1.412101e-04	 2.177504e-04	 3.355007e-05	-8.023864e-04	-1.660108e-06	 1.454462e-08	 1.107144e-13	 1.956019e-05	-5.313336e-08	-3.609556e-04	 4.975196e-04	 1.684665e-06	-7.974719e-06	 1.265651e-16	
 1.193974e-04	-8.267167e-05	 9.413319e-03	 8.012398e-02	 4.929817e-03	 4.308876e-02	 6.599153e-02	-4.068035e-02	-1.112751e-01	-8.023864e-04	 4.270180e+00	 8.087991e-03	 4.937793e-05	 1.698745e-10	 3.197264e-02	 1.101084e-04	 9.371644e-01	-4.030834e-01	-8.112139e-03	 7.977286e-03	-6.417998e-14	
 7.688471e-06	-1.034503e-05	 5.453031e-04	-4.291182e-05	 1.803702e-04	 9.896380e-05	 3.542895e-03	-3.469675e-04	-1.919717e-03	-1.660108e-06	 8.087991e-03	 4.703334e-04	 3.192890e-06	-8.784428e-14	-1.167964e-04	 7.828792e-06	 5.448071e-02	-2.145667e-02	-4.703843e-04	 4.194248e-04	-4.543749e-16	
 8.153811e-08	 1.798045e-07	 4.414981e-06	-2.248578e-07	 1.131364e-06	 6.467753e-07	 3.534143e-05	-2.171355e-07	-2.806165e-05	 1.454462e-08	 4.937793e-05	 3.192890e-06	 3.385894e-08	-4.437664e-16	-4.013558e-07	 5.634119e-08	 4.411856e-04	-2.896467e-04	-3.193422e-06	 4.174172e-06	-4.517783e-18	
-1.046537e-15	-3.437219e-14	-1.966787e-13	 3.776840e-12	 2.583285e-14	 1.723078e-12	-2.596709e-12	-2.318355e-12	 1.147836e-13	 1.107144e-13	 1.698745e-10	-8.784428e-14	-4.437664e-16	 8.019301e-21	 1.521244e-12	-2.006695e-15	-1.978770e-11	 2.151200e-11	 8.697949e-14	-3.042647e-13	-1.524773e-24	
-9.682156e-07	 3.530095e-05	-5.423541e-05	 7.158000e-04	-2.325166e-05	 3.157873e-04	 6.903050e-04	-1.860972e-04	-1.846717e-03	 1.956019e-05	 3.197264e-02	-1.167964e-04	-4.013558e-07	 1.521244e-12	 3.873484e-04	-2.266033e-07	-5.448098e-03	-1.091490e-02	 1.165970e-04	 8.371867e-05	-4.358667e-16	
 1.355162e-07	 4.734593e-07	 1.071830e-05	-9.818902e-07	 3.016668e-06	 1.317757e-06	 8.083980e-05	-6.317853e-06	-5.615643e-05	-5.313336e-08	 1.101084e-04	 7.828792e-06	 5.634119e-08	-2.006695e-15	-2.266033e-07	 5.089354e-07	 1.071651e-03	-6.232774e-04	-7.832208e-06	 9.555712e-06	-8.879153e-18	
 1.062003e-03	 4.470310e-03	 7.797162e-02	-9.668484e-03	 2.015348e-02	 1.093208e-02	 6.915562e-01	-4.370908e-03	-5.279643e-01	-3.609556e-04	 9.371644e-01	 5.448071e-02	 4.411856e-04	-1.978770e-11	-5.448098e-03	 1.071651e-03	 7.790142e+00	-5.348494e+00	-5.448941e-02	 8.188999e-02	-7.496785e-14	
-6.957361e-04	-1.070198e-02	-5.353858e-02	 1.055188e-02	-6.731524e-03	-3.841650e-03	-7.129255e-01	-5.788630e-02	 7.134338e-01	 4.975196e-04	-4.030834e-01	-2.145667e-02	-2.896467e-04	 2.151200e-11	-1.091490e-02	-6.232774e-04	-5.348494e+00	 6.623152e+00	 2.146561e-02	-8.466777e-02	 7.433046e-14	
-7.689727e-06	 1.033310e-05	-5.453915e-04	 4.250683e-05	-1.804335e-04	-9.921110e-05	-3.543830e-03	 3.450037e-04	 1.925752e-03	 1.684665e-06	-8.112139e-03	-4.703843e-04	-3.193422e-06	 8.697949e-14	 1.165970e-04	-7.832208e-06	-5.448941e-02	 2.146561e-02	 4.704384e-04	-4.195455e-04	 4.570245e-16	
 1.002967e-05	 1.216693e-04	 8.197597e-04	-1.489570e-04	 1.454299e-04	 8.208054e-05	 9.683117e-03	 5.424450e-04	-9.023371e-03	-7.974719e-06	 7.977286e-03	 4.194248e-04	 4.174172e-06	-3.042647e-13	 8.371867e-05	 9.555712e-06	 8.188999e-02	-8.466777e-02	-4.195455e-04	 1.150394e-03	-1.024687e-15	
-1.072615e-17	-9.543506e-17	-7.504478e-16	-7.209848e-16	-2.847472e-16	-6.472411e-16	-8.284934e-15	 3.897261e-16	 2.371322e-14	 1.265651e-16	-6.417998e-14	-4.543749e-16	-4.517783e-18	-1.524773e-24	-4.358667e-16	-8.879153e-18	-7.496785e-14	 7.433046e-14	 4.570245e-16	-1.024687e-15	 1.365822e-26	
