#          omega_b,        omega_cdm,                h,     ln10^{10}A_s,              n_s,         tau_reio,  delta_Neff_drmd,       f_idm_drmd,      log10z_stop, log10_G_over_aH_drmd,         A_planck,           z_reio,     Omega_Lambda,              YHe,              A_s,           sigma8,      100*theta_s,               H0,             rs_d,          Omega_m,           f_drmd,       z_dec_drmd
 1.381732e-07	-4.060825e-07	 4.714370e-06	-5.474068e-06	 4.882842e-08	-1.893862e-06	 1.695744e-05	-2.876462e-06	 2.203664e-05	-2.107393e-04	 2.707109e-07	-2.132734e-04	 4.212650e-06	 5.653372e-08	-1.147420e-14	 5.957205e-07	-5.130510e-08	 4.636959e-04	-1.151939e-04	-4.064905e-06	 2.035816e-06	 4.217411e-02	
-4.060825e-07	 7.320385e-06	-2.831431e-05	 4.204587e-05	 8.826001e-07	 6.631207e-06	-4.644772e-06	 3.056902e-05	 1.095879e-04	 1.590094e-03	 1.673263e-06	 8.243269e-04	-3.606472e-05	-1.702856e-07	 9.225797e-14	 1.989261e-06	 7.946516e-07	-2.820744e-03	-1.460124e-03	 3.526255e-05	-5.439794e-08	 5.042299e-02	
 4.714370e-06	-2.831431e-05	 2.524244e-04	-3.362733e-04	-3.353347e-06	-1.105839e-04	 9.338159e-04	-1.786682e-04	 1.174538e-03	-1.008119e-02	 1.954490e-05	-1.166015e-02	 2.424972e-04	 1.935228e-06	-7.068427e-13	 2.689855e-05	-2.970423e-06	 2.492079e-02	-1.703274e-03	-2.339375e-04	 1.108415e-04	 2.210824e+00	
-5.474068e-06	 4.204587e-05	-3.362733e-04	 8.205130e-04	 8.219199e-06	 2.597525e-04	-1.310041e-03	 3.526764e-04	-1.818869e-03	 8.495835e-03	 1.560479e-05	 2.531046e-02	-3.294704e-04	-2.210026e-06	 1.730120e-12	-3.776020e-05	 9.352935e-06	-3.327486e-02	 6.492475e-04	 3.117419e-04	-1.538545e-04	-2.859527e+00	
 4.882842e-08	 8.826001e-07	-3.353347e-06	 8.219199e-06	 3.432598e-05	-1.119848e-06	-2.570432e-05	 2.322344e-05	 1.160471e-04	-4.491085e-04	 2.576365e-06	-8.222893e-05	-2.346956e-06	-1.788248e-09	 1.893053e-14	-8.227715e-06	 6.016533e-07	-3.138718e-04	-2.106143e-04	 3.564476e-06	-2.315558e-06	 1.185647e-01	
-1.893862e-06	 6.631207e-06	-1.105839e-04	 2.597525e-04	-1.119848e-06	 1.081286e-04	-6.002782e-04	 9.228676e-05	-1.068170e-03	 1.281106e-03	-1.349441e-05	 1.025544e-02	-9.373777e-05	-7.573294e-07	 5.408012e-13	-1.693799e-05	 1.884644e-06	-1.091408e-02	 2.957785e-03	 8.657352e-05	-7.162108e-05	-1.374894e+00	
 1.695744e-05	-4.644772e-06	 9.338159e-04	-1.310041e-03	-2.570432e-05	-6.002782e-04	 6.530753e-03	-5.372365e-04	 1.159265e-02	-2.172719e-02	 1.807389e-04	-5.861649e-02	 6.825626e-04	 6.919855e-06	-2.660393e-12	 3.479646e-04	-1.192735e-05	 9.178337e-02	-4.541858e-02	-6.452722e-04	 7.860793e-04	 1.728460e+01	
-2.876462e-06	 3.056902e-05	-1.786682e-04	 3.526764e-04	 2.322344e-05	 9.228676e-05	-5.372365e-04	 3.023908e-04	-1.498424e-04	 4.987951e-03	-7.634275e-06	 9.422142e-03	-1.877037e-04	-1.237884e-06	 7.587568e-13	-1.640422e-04	 6.308025e-06	-1.783327e-02	-2.586122e-03	 1.818095e-04	-5.920119e-05	-7.416765e-01	
 2.203664e-05	 1.095879e-04	 1.174538e-03	-1.818869e-03	 1.160471e-04	-1.068170e-03	 1.159265e-02	-1.498424e-04	 3.784997e-02	 8.712359e-03	 3.428733e-04	-1.012231e-01	 7.130829e-04	 8.734887e-06	-3.620702e-12	 6.898142e-04	-2.441418e-05	 1.155436e-01	-1.030926e-01	-6.139710e-04	 1.458767e-03	 4.679933e+01	
-2.107393e-04	 1.590094e-03	-1.008119e-02	 8.495835e-03	-4.491085e-04	 1.281106e-03	-2.172719e-02	 4.987951e-03	 8.712359e-03	 1.114055e+00	 1.109217e-04	 1.980091e-01	-1.048851e-02	-8.669655e-05	 1.681221e-11	 2.545295e-03	 1.622953e-04	-9.839565e-01	-1.125437e-01	 1.034585e-02	-2.516641e-03	-4.573644e+01	
 2.707109e-07	 1.673263e-06	 1.954490e-05	 1.560479e-05	 2.576365e-06	-1.349441e-05	 1.807389e-04	-7.634275e-06	 3.428733e-04	 1.109217e-04	 2.602831e-05	-1.258383e-03	 1.088029e-05	 1.189921e-07	 3.628492e-14	 2.782530e-05	 4.643963e-07	 1.941886e-03	-1.525626e-03	-9.848834e-06	 2.163063e-05	 4.321613e-01	
-2.132734e-04	 8.243269e-04	-1.166015e-02	 2.531046e-02	-8.222893e-05	 1.025544e-02	-5.861649e-02	 9.422142e-03	-1.012231e-01	 1.980091e-01	-1.258383e-03	 9.860191e-01	-1.015259e-02	-8.576872e-05	 5.277281e-11	-1.535713e-03	 1.986961e-04	-1.150712e+00	 2.723211e-01	 9.457395e-03	-6.992786e-03	-1.358793e+02	
 4.212650e-06	-3.606472e-05	 2.424972e-04	-3.294704e-04	-2.346956e-06	-9.373777e-05	 6.825626e-04	-1.877037e-04	 7.130829e-04	-1.048851e-02	 1.088029e-05	-1.015259e-02	 2.534516e-04	 1.734731e-06	-7.017825e-13	 1.164151e-05	-3.690511e-06	 2.400276e-02	 1.948050e-03	-2.451988e-04	 8.035279e-05	 1.599379e+00	
 5.653372e-08	-1.702856e-07	 1.935228e-06	-2.210026e-06	-1.788248e-09	-7.573294e-07	 6.919855e-06	-1.237884e-06	 8.734887e-06	-8.669655e-05	 1.189921e-07	-8.576872e-05	 1.734731e-06	 2.319274e-08	-4.637283e-15	 3.186323e-07	-2.198783e-08	 1.903924e-04	-4.593992e-05	-1.676094e-06	 8.291921e-07	 1.695417e-02	
-1.147420e-14	 9.225797e-14	-7.068427e-13	 1.730120e-12	 1.893053e-14	 5.408012e-13	-2.660393e-12	 7.587568e-13	-3.620702e-12	 1.681221e-11	 3.628492e-14	 5.277281e-11	-7.017825e-13	-4.637283e-15	 3.659358e-21	-8.658866e-14	 1.999080e-14	-7.000898e-11	-3.947028e-14	 6.645305e-13	-3.119389e-13	-5.741708e-09	
 5.957205e-07	 1.989261e-06	 2.689855e-05	-3.776020e-05	-8.227715e-06	-1.693799e-05	 3.479646e-04	-1.640422e-04	 6.898142e-04	 2.545295e-03	 2.782530e-05	-1.535713e-03	 1.164151e-05	 3.186323e-07	-8.658866e-14	 2.399982e-04	-2.279050e-06	 2.826816e-03	-2.670916e-03	-1.079765e-05	 3.975326e-05	 9.583711e-01	
-5.130510e-08	 7.946516e-07	-2.970423e-06	 9.352935e-06	 6.016533e-07	 1.884644e-06	-1.192735e-05	 6.308025e-06	-2.441418e-05	 1.622953e-04	 4.643963e-07	 1.986961e-04	-3.690511e-06	-2.198783e-08	 1.999080e-14	-2.279050e-06	 5.339494e-07	-2.979042e-04	-1.021611e-04	 3.538774e-06	-1.383120e-06	-4.346440e-02	
 4.636959e-04	-2.820744e-03	 2.492079e-02	-3.327486e-02	-3.138718e-04	-1.091408e-02	 9.178337e-02	-1.783327e-02	 1.155436e-01	-9.839565e-01	 1.941886e-03	-1.150712e+00	 2.400276e-02	 1.903924e-04	-7.000898e-11	 2.826816e-03	-2.979042e-04	 2.461039e+00	-1.582874e-01	-2.315432e-02	 1.089173e-02	 2.174384e+02	
-1.151939e-04	-1.460124e-03	-1.703274e-03	 6.492475e-04	-2.106143e-04	 2.957785e-03	-4.541858e-02	-2.586122e-03	-1.030926e-01	-1.125437e-01	-1.525626e-03	 2.723211e-01	 1.948050e-03	-4.593992e-05	-3.947028e-14	-2.670916e-03	-1.021611e-04	-1.582874e-01	 7.037717e-01	-2.062088e-03	-5.595962e-03	-1.333277e+02	
-4.064905e-06	 3.526255e-05	-2.339375e-04	 3.117419e-04	 3.564476e-06	 8.657352e-05	-6.452722e-04	 1.818095e-04	-6.139710e-04	 1.034585e-02	-9.848834e-06	 9.457395e-03	-2.451988e-04	-1.676094e-06	 6.645305e-13	-1.079765e-05	 3.538774e-06	-2.315432e-02	-2.062088e-03	 2.376137e-04	-7.579804e-05	-1.472422e+00	
 2.035816e-06	-5.439794e-08	 1.108415e-04	-1.538545e-04	-2.315558e-06	-7.162108e-05	 7.860793e-04	-5.920119e-05	 1.458767e-03	-2.516641e-03	 2.163063e-05	-6.992786e-03	 8.035279e-05	 8.291921e-07	-3.119389e-13	 3.975326e-05	-1.383120e-06	 1.089173e-02	-5.595962e-03	-7.579804e-05	 9.493245e-05	 2.142731e+00	
 4.217411e-02	 5.042299e-02	 2.210824e+00	-2.859527e+00	 1.185647e-01	-1.374894e+00	 1.728460e+01	-7.416765e-01	 4.679933e+01	-4.573644e+01	 4.321613e-01	-1.358793e+02	 1.599379e+00	 1.695417e-02	-5.741708e-09	 9.583711e-01	-4.346440e-02	 2.174384e+02	-1.333277e+02	-1.472422e+00	 2.142731e+00	 6.597972e+04	
