#          omega_b,        omega_cdm,                h,     ln10^{10}A_s,              n_s,         tau_reio,  delta_Neff_drmd,       f_idm_drmd,      log10z_stop, log10_G_over_aH_drmd,         A_planck,           z_reio,     Omega_Lambda,              YHe,              A_s,           sigma8,      100*theta_s,               H0,             rs_d,          Omega_m,           f_drmd,       z_dec_drmd
 1.881465e-07	 1.377793e-06	 8.132012e-06	-1.132059e-06	 1.565778e-06	 8.206457e-08	 9.208196e-05	 2.299566e-06	 6.313932e-05	-2.354004e-04	 1.232728e-07	-1.145833e-05	 3.871206e-06	 7.761400e-08	-2.367152e-15	 3.888974e-07	 1.447629e-07	 8.167586e-04	-8.944553e-04	-3.833112e-06	 1.020291e-05	 1.482951e-01	
 1.377793e-06	 4.386119e-05	 4.757373e-05	 1.678058e-05	 1.154993e-05	-7.391339e-06	 1.507551e-03	 1.109498e-04	 1.684013e-03	 1.819353e-03	-1.843024e-06	-2.669753e-04	-4.838977e-05	 5.504887e-07	 3.611672e-14	 1.121791e-05	 3.188287e-06	 4.859979e-03	-1.778600e-02	 4.883842e-05	 1.674396e-04	 3.032041e+00	
 8.132012e-06	 4.757373e-05	 6.065053e-04	-1.464295e-04	 1.234215e-04	 3.957965e-05	 5.837810e-03	-7.849138e-05	 1.569834e-03	-1.101136e-02	 8.801256e-06	 2.952714e-03	 4.071683e-04	 3.385289e-06	-3.101582e-13	 6.042112e-05	 8.069299e-06	 6.064783e-02	-4.392674e-02	-4.052354e-04	 6.467886e-04	 2.512801e+00	
-1.132059e-06	 1.678058e-05	-1.464295e-04	 6.813301e-04	 2.285965e-05	 2.123303e-04	-8.121371e-04	 1.434705e-04	-1.114864e-03	 9.956988e-03	 5.692905e-05	 2.118978e-02	-1.565057e-04	-5.612777e-07	 1.449929e-12	 1.645222e-04	 3.816409e-06	-1.468015e-02	 1.135562e-03	 1.547038e-04	-9.408435e-05	-5.716819e+00	
 1.565778e-06	 1.154993e-05	 1.234215e-04	 2.285965e-05	 1.051134e-04	 2.226777e-05	 1.168304e-03	 7.374989e-05	 1.085776e-04	 1.595776e-04	 5.914198e-06	 2.047842e-03	 7.843557e-05	 6.515819e-07	 5.152362e-14	-3.915644e-05	 4.341622e-06	 1.233497e-02	-8.977716e-03	-7.829221e-05	 1.258546e-04	-1.107361e+00	
 8.206457e-08	-7.391339e-06	 3.957965e-05	 2.123303e-04	 2.226777e-05	 1.229944e-04	 1.119606e-04	-5.707538e-05	-1.306211e-03	 3.567571e-04	-1.164335e-06	 1.183027e-02	 4.833568e-05	 5.364490e-09	 4.505113e-13	 9.584349e-05	 5.670841e-07	 3.879998e-03	 1.208208e-03	-4.880007e-05	 1.175437e-05	-3.971060e+00	
 9.208196e-05	 1.507551e-03	 5.837810e-03	-8.121371e-04	 1.168304e-03	 1.119606e-04	 8.463703e-02	 2.034956e-03	 5.619800e-02	-2.215440e-02	 1.289840e-05	 1.739261e-02	 1.828369e-03	 3.774549e-05	-1.711535e-12	 9.109744e-04	 1.294957e-04	 5.864162e-01	-7.969862e-01	-1.802877e-03	 9.391482e-03	 9.793090e+01	
 2.299566e-06	 1.109498e-04	-7.849138e-05	 1.434705e-04	 7.374989e-05	-5.707538e-05	 2.034956e-03	 6.362349e-04	 4.648497e-03	-5.833546e-04	 2.144361e-07	-4.208524e-03	-2.930603e-04	 9.062555e-07	 3.105656e-13	-2.100374e-04	 1.136529e-05	-7.569263e-03	-3.568085e-02	 2.926930e-04	 2.176483e-04	 1.014556e+01	
 6.313932e-05	 1.684013e-03	 1.569834e-03	-1.114864e-03	 1.085776e-04	-1.306211e-03	 5.619800e-02	 4.648497e-03	 2.512525e-01	 1.860905e-01	-9.630644e-05	-1.144103e-01	-2.140977e-03	 2.837844e-05	-2.863175e-12	 2.867871e-03	 8.194733e-05	 1.752523e-01	-6.940334e-01	 2.100915e-03	 6.319869e-03	 4.288924e+02	
-2.354004e-04	 1.819353e-03	-1.101136e-02	 9.956988e-03	 1.595776e-04	 3.567571e-04	-2.215440e-02	-5.833546e-04	 1.860905e-01	 7.699382e+00	 1.627877e-03	 1.074656e-01	-1.256887e-02	-1.062680e-04	 2.089453e-11	 1.763213e-03	-4.059645e-05	-1.089553e+00	-2.745840e-02	 1.250322e-02	-3.152514e-03	-5.916563e+02	
 1.232728e-07	-1.843024e-06	 8.801256e-06	 5.692905e-05	 5.914198e-06	-1.164335e-06	 1.289840e-05	 2.144361e-07	-9.630644e-05	 1.627877e-03	 3.223495e-05	-1.524848e-04	 1.028401e-05	 4.572544e-08	 1.225569e-13	 1.446877e-05	 9.554625e-10	 8.597176e-04	 2.989229e-04	-1.037220e-05	 2.149608e-07	-2.895434e-01	
-1.145833e-05	-2.669753e-04	 2.952714e-03	 2.118978e-02	 2.047842e-03	 1.183027e-02	 1.739261e-02	-4.208524e-03	-1.144103e-01	 1.074656e-01	-1.524848e-04	 1.152563e+00	 3.083595e-03	-7.856795e-06	 4.493230e-11	 9.426780e-03	 7.892208e-05	 2.884366e-01	 6.378426e-03	-3.131196e-03	 1.872003e-03	-3.705847e+02	
 3.871206e-06	-4.838977e-05	 4.071683e-04	-1.565057e-04	 7.843557e-05	 4.833568e-05	 1.828369e-03	-2.930603e-04	-2.140977e-03	-1.256887e-02	 1.028401e-05	 3.083595e-03	 4.363130e-04	 1.657644e-06	-3.324569e-13	 2.924969e-05	 3.367130e-07	 4.050641e-02	-7.128112e-04	-4.355737e-04	 2.022183e-04	-4.123372e+00	
 7.761400e-08	 5.504887e-07	 3.385289e-06	-5.612777e-07	 6.515819e-07	 5.364490e-09	 3.774549e-05	 9.062555e-07	 2.837844e-05	-1.062680e-04	 4.572544e-08	-7.856795e-06	 1.657644e-06	 3.216439e-08	-1.187466e-15	 1.915978e-07	 5.918461e-08	 3.402773e-04	-3.642826e-04	-1.643696e-06	 4.185490e-06	 6.529026e-02	
-2.367152e-15	 3.611672e-14	-3.101582e-13	 1.449929e-12	 5.152362e-14	 4.505113e-13	-1.711535e-12	 3.105656e-13	-2.863175e-12	 2.089453e-11	 1.225569e-13	 4.493230e-11	-3.324569e-13	-1.187466e-15	 3.090822e-21	 3.349959e-13	 8.242603e-15	-3.115052e-11	 2.242650e-12	 3.288127e-13	-1.987326e-13	-1.287068e-08	
 3.888974e-07	 1.121791e-05	 6.042112e-05	 1.645222e-04	-3.915644e-05	 9.584349e-05	 9.109744e-04	-2.100374e-04	 2.867871e-03	 1.763213e-03	 1.446877e-05	 9.426780e-03	 2.924969e-05	 1.915978e-07	 3.349959e-13	 3.690781e-04	-1.703666e-06	 6.376247e-03	-7.425891e-03	-3.033920e-05	 1.096717e-04	 2.542383e+00	
 1.447629e-07	 3.188287e-06	 8.069299e-06	 3.816409e-06	 4.341622e-06	 5.670841e-07	 1.294957e-04	 1.136529e-05	 8.194733e-05	-4.059645e-05	 9.554625e-10	 7.892208e-05	 3.367130e-07	 5.918461e-08	 8.242603e-15	-1.703666e-06	 7.737506e-07	 8.098894e-04	-1.416758e-03	-2.847818e-07	 1.429412e-05	 5.773094e-02	
 8.167586e-04	 4.859979e-03	 6.064783e-02	-1.468015e-02	 1.233497e-02	 3.879998e-03	 5.864162e-01	-7.569263e-03	 1.752523e-01	-1.089553e+00	 8.597176e-04	 2.884366e-01	 4.050641e-02	 3.402773e-04	-3.115052e-11	 6.376247e-03	 8.098894e-04	 6.066916e+00	-4.431882e+00	-4.032031e-02	 6.498912e-02	 2.795716e+02	
-8.944553e-04	-1.778600e-02	-4.392674e-02	 1.135562e-03	-8.977716e-03	 1.208208e-03	-7.969862e-01	-3.568085e-02	-6.940334e-01	-2.745840e-02	 2.989229e-04	 6.378426e-03	-7.128112e-04	-3.642826e-04	 2.242650e-12	-7.425891e-03	-1.416758e-03	-4.431882e+00	 8.352674e+00	 4.619632e-04	-8.856681e-02	-1.264491e+03	
-3.833112e-06	 4.883842e-05	-4.052354e-04	 1.547038e-04	-7.829221e-05	-4.880007e-05	-1.802877e-03	 2.926930e-04	 2.100915e-03	 1.250322e-02	-1.037220e-05	-3.131196e-03	-4.355737e-04	-1.643696e-06	 3.288127e-13	-3.033920e-05	-2.847818e-07	-4.032031e-02	 4.619632e-04	 4.349816e-04	-1.993489e-04	 4.074896e+00	
 1.020291e-05	 1.674396e-04	 6.467886e-04	-9.408435e-05	 1.258546e-04	 1.175437e-05	 9.391482e-03	 2.176483e-04	 6.319869e-03	-3.152514e-03	 2.149608e-07	 1.872003e-03	 2.022183e-04	 4.185490e-06	-1.987326e-13	 1.096717e-04	 1.429412e-05	 6.498912e-02	-8.856681e-02	-1.993489e-04	 1.044285e-03	 1.091624e+01	
 1.482951e-01	 3.032041e+00	 2.512801e+00	-5.716819e+00	-1.107361e+00	-3.971060e+00	 9.793090e+01	 1.014556e+01	 4.288924e+02	-5.916563e+02	-2.895434e-01	-3.705847e+02	-4.123372e+00	 6.529026e-02	-1.287068e-08	 2.542383e+00	 5.773094e-02	 2.795716e+02	-1.264491e+03	 4.074896e+00	 1.091624e+01	 1.043383e+06	
