#          omega_b,        omega_cdm,                h,     ln10^{10}A_s,              n_s,         tau_reio,  delta_Neff_drmd,       f_idm_drmd,      log10z_stop,         A_planck,           z_reio,     Omega_Lambda,              YHe,              A_s,           sigma8,      100*theta_s,               H0,             rs_d,          Omega_m,           f_drmd,       z_dec_drmd
 2.113427e-07	 1.123849e-06	 1.233364e-05	-7.506393e-07	 2.924207e-06	 1.731905e-06	 1.194534e-04	-1.698158e-05	 1.456370e-04	-3.262240e-08	 1.424140e-04	 7.546489e-06	 8.752582e-08	-1.332642e-15	 2.624315e-07	 1.441980e-07	 1.232535e-03	-1.012192e-03	-7.547051e-06	 1.362749e-05	-2.216332e-17	
 1.123849e-06	 4.340869e-05	 1.115708e-04	-8.476834e-05	-2.973233e-06	-2.881829e-05	 2.165585e-03	-1.648359e-04	 3.020373e-03	-5.864629e-07	-2.386835e-03	 5.127712e-06	 4.746507e-07	-1.763930e-13	 3.911557e-05	 1.056873e-06	 1.113075e-02	-2.098200e-02	-5.073375e-06	 2.463155e-04	-2.087616e-16	
 1.233364e-05	 1.115708e-04	 9.909227e-04	-1.966766e-04	 2.225484e-04	 9.197458e-05	 1.061370e-02	-1.147007e-03	 1.292273e-02	-6.503982e-06	 8.440311e-03	 5.747491e-04	 5.127014e-06	-3.960274e-13	 1.754650e-05	 1.238654e-05	 9.904045e-02	-8.590313e-02	-5.745219e-04	 1.207981e-03	-1.899097e-15	
-7.506393e-07	-8.476834e-05	-1.966766e-04	 1.841424e-03	 3.953661e-05	 8.479278e-04	-4.215391e-03	-1.221065e-03	-8.466066e-03	 4.160937e-05	 8.380190e-02	 4.446542e-06	-3.345783e-07	 3.867904e-12	 6.199674e-04	-7.628919e-07	-1.971385e-02	 3.898705e-02	-4.952585e-06	-4.693045e-04	 2.361842e-15	
 2.924207e-06	-2.973233e-06	 2.225484e-04	 3.953661e-05	 1.191978e-04	 7.911326e-05	 1.503476e-03	-1.720282e-04	 1.521050e-03	-5.559475e-06	 7.290887e-03	 1.836865e-04	 1.206088e-06	 8.659389e-14	-4.893613e-06	 3.177188e-06	 2.225595e-02	-8.865718e-03	-1.836792e-04	 1.712608e-04	-2.069528e-16	
 1.731905e-06	-2.881829e-05	 9.197458e-05	 8.479278e-04	 7.911326e-05	 4.624410e-04	-2.747383e-04	-8.383186e-04	-1.675668e-03	-1.050317e-05	 4.559068e-02	 1.285739e-04	 7.074858e-07	 1.784850e-12	 2.853064e-04	 1.604744e-06	 9.176358e-03	 6.089249e-03	-1.287755e-04	-2.669893e-05	 7.382562e-16	
 1.194534e-04	 2.165585e-03	 1.061370e-02	-4.215391e-03	 1.503476e-03	-2.747383e-04	 1.449050e-01	-1.329394e-02	 1.881575e-01	-7.129858e-05	-1.614992e-02	 4.292364e-03	 4.991679e-05	-8.677487e-12	 1.288479e-03	 1.120423e-04	 1.060200e+00	-1.274260e+00	-4.288715e-03	 1.648165e-02	-2.040631e-14	
-1.698158e-05	-1.648359e-04	-1.147007e-03	-1.221065e-03	-1.720282e-04	-8.383186e-04	-1.329394e-02	 8.469033e-02	-6.617734e-03	 3.567003e-05	-8.214024e-02	-6.504551e-04	-7.296729e-06	-2.653843e-12	-6.771994e-04	-9.607183e-06	-1.138386e-01	 1.211357e-01	 6.513087e-04	-1.631720e-03	 5.546458e-15	
 1.456370e-04	 3.020373e-03	 1.292273e-02	-8.466066e-03	 1.521050e-03	-1.675668e-03	 1.881575e-01	-6.617734e-03	 8.204501e-01	-3.944434e-04	-1.412594e-01	 4.764224e-03	 6.185480e-05	-1.768513e-11	 1.071276e-03	 1.334717e-04	 1.290805e+00	-1.717968e+00	-4.759835e-03	 2.188420e-02	-3.891092e-14	
-3.262240e-08	-5.864629e-07	-6.503982e-06	 4.160937e-05	-5.559475e-06	-1.050317e-05	-7.129858e-05	 3.567003e-05	-3.944434e-04	 2.947240e-05	-1.102945e-03	-4.098331e-06	-1.286493e-08	 8.702119e-14	 1.574809e-05	-3.692576e-09	-6.561872e-04	 4.405927e-04	 4.100334e-06	-7.417994e-06	 8.724790e-17	
 1.424140e-04	-2.386835e-03	 8.440311e-03	 8.380190e-02	 7.290887e-03	 4.559068e-02	-1.614992e-02	-8.214024e-02	-1.412594e-01	-1.102945e-03	 4.562079e+00	 1.135257e-02	 5.802625e-05	 1.757952e-10	 2.928320e-02	 1.541553e-04	 8.416758e-01	 4.746525e-01	-1.137129e-02	-1.408151e-03	 7.297158e-14	
 7.546489e-06	 5.127712e-06	 5.747491e-04	 4.446542e-06	 1.836865e-04	 1.285739e-04	 4.292364e-03	-6.504551e-04	 4.764224e-03	-4.098331e-06	 1.135257e-02	 4.516343e-04	 3.127389e-06	 1.985668e-14	-6.225263e-05	 7.884832e-06	 5.748238e-02	-2.790456e-02	-4.515341e-04	 4.897343e-04	-1.102545e-15	
 8.752582e-08	 4.746507e-07	 5.127014e-06	-3.345783e-07	 1.206088e-06	 7.074858e-07	 4.991679e-05	-7.296729e-06	 6.185480e-05	-1.286493e-08	 5.802625e-05	 3.127389e-06	 3.626285e-08	-5.999314e-16	 1.150334e-07	 5.988946e-08	 5.123441e-04	-4.234724e-04	-3.127560e-06	 5.697592e-06	-9.329979e-18	
-1.332642e-15	-1.763930e-13	-3.960274e-13	 3.867904e-12	 8.659389e-14	 1.784850e-12	-8.677487e-12	-2.653843e-12	-1.768513e-11	 8.702119e-14	 1.757952e-10	 1.985668e-14	-5.999314e-16	 8.134346e-21	 1.303289e-12	-1.528515e-15	-3.970250e-11	 8.048597e-11	-2.088924e-14	-9.658430e-13	 4.960753e-24	
 2.624315e-07	 3.911557e-05	 1.754650e-05	 6.199674e-04	-4.893613e-06	 2.853064e-04	 1.288479e-03	-6.771994e-04	 1.071276e-03	 1.574809e-05	 2.928320e-02	-6.225263e-05	 1.150334e-07	 1.303289e-12	 3.427069e-04	 9.021121e-07	 1.689667e-03	-1.541317e-02	 6.212623e-05	 1.510520e-04	 8.651642e-16	
 1.441980e-07	 1.056873e-06	 1.238654e-05	-7.628919e-07	 3.177188e-06	 1.604744e-06	 1.120423e-04	-9.607183e-06	 1.334717e-04	-3.692576e-09	 1.541553e-04	 7.884832e-06	 5.988946e-08	-1.528515e-15	 9.021121e-07	 5.186118e-07	 1.238527e-03	-8.937645e-04	-7.881638e-06	 1.278385e-05	-2.117818e-17	
 1.232535e-03	 1.113075e-02	 9.904045e-02	-1.971385e-02	 2.225595e-02	 9.176358e-03	 1.060200e+00	-1.138386e-01	 1.290805e+00	-6.561872e-04	 8.416758e-01	 5.748238e-02	 5.123441e-04	-3.970250e-11	 1.689667e-03	 1.238527e-03	 9.899018e+00	-8.577901e+00	-5.745973e-02	 1.206593e-01	-1.895742e-13	
-1.012192e-03	-2.098200e-02	-8.590313e-02	 3.898705e-02	-8.865718e-03	 6.089249e-03	-1.274260e+00	 1.211357e-01	-1.717968e+00	 4.405927e-04	 4.746525e-01	-2.790456e-02	-4.234724e-04	 8.048597e-11	-1.541317e-02	-8.937645e-04	-8.577901e+00	 1.164039e+01	 2.787712e-02	-1.451724e-01	 1.638136e-13	
-7.547051e-06	-5.073375e-06	-5.745219e-04	-4.952585e-06	-1.836792e-04	-1.287755e-04	-4.288715e-03	 6.513087e-04	-4.759835e-03	 4.100334e-06	-1.137129e-02	-4.515341e-04	-3.127560e-06	-2.088924e-14	 6.212623e-05	-7.881638e-06	-5.745973e-02	 2.787712e-02	 4.514392e-04	-4.893401e-04	 1.099514e-15	
 1.362749e-05	 2.463155e-04	 1.207981e-03	-4.693045e-04	 1.712608e-04	-2.669893e-05	 1.648165e-02	-1.631720e-03	 2.188420e-02	-7.417994e-06	-1.408151e-03	 4.897343e-04	 5.697592e-06	-9.658430e-13	 1.510520e-04	 1.278385e-05	 1.206593e-01	-1.451724e-01	-4.893401e-04	 1.878450e-03	-2.331575e-15	
-2.216332e-17	-2.087616e-16	-1.899097e-15	 2.361842e-15	-2.069528e-16	 7.382562e-16	-2.040631e-14	 5.546458e-15	-3.891092e-14	 8.724790e-17	 7.297158e-14	-1.102545e-15	-9.329979e-18	 4.960753e-24	 8.651642e-16	-2.117818e-17	-1.895742e-13	 1.638136e-13	 1.099514e-15	-2.331575e-15	 2.533510e-26	
