#          omega_b,        omega_cdm,                h,     ln10^{10}A_s,              n_s,         tau_reio,  delta_Neff_drmd,       f_idm_drmd,      log10z_stop, log10_G_over_aH_drmd,         A_planck,           z_reio,     Omega_Lambda,              YHe,              A_s,           sigma8,      100*theta_s,               H0,             rs_d,          Omega_m,           f_drmd,       z_dec_drmd
 1.878884e-07	 7.464042e-07	 7.617185e-06	-2.342689e-06	 3.001840e-07	-6.951215e-08	 7.071299e-05	 7.404305e-07	 1.459520e-05	-5.881328e-04	 1.342242e-07	-3.916283e-05	 4.351088e-06	 7.409321e-08	-6.037380e-15	-1.081038e-06	 3.645322e-08	 7.715547e-04	-6.722771e-04	-4.220224e-06	 7.755130e-06	 1.434585e-01	
 7.464042e-07	 3.112907e-05	 2.740406e-05	-1.221450e-05	-8.536750e-06	-1.086231e-05	 1.054035e-03	 5.630801e-05	 2.997331e-04	-4.275888e-03	-4.802476e-06	-6.243133e-04	-3.791111e-05	 2.901818e-07	-3.646326e-14	 6.599512e-06	 1.668261e-06	 2.664982e-03	-1.247919e-02	 4.023236e-05	 1.167331e-04	 1.561422e+00	
 7.617185e-06	 2.740406e-05	 5.184153e-04	-2.112480e-04	 2.158020e-05	 3.306561e-06	 4.575479e-03	-6.228273e-05	-2.524248e-04	-2.898557e-02	 1.065994e-05	-1.162568e-03	 3.543928e-04	 2.891588e-06	-5.195336e-13	-1.757096e-05	 1.882353e-06	 5.206966e-02	-3.376428e-02	-3.452986e-04	 4.984574e-04	 5.205918e+00	
-2.342689e-06	-1.221450e-05	-2.112480e-04	 7.122140e-04	 2.232435e-05	 2.243625e-04	-2.117260e-03	 4.792737e-05	-2.292406e-03	-1.317898e-03	 5.368907e-05	 2.177974e-02	-1.448822e-04	-9.170457e-07	 1.541246e-12	 2.324125e-04	 3.318740e-06	-2.143332e-02	 1.439387e-02	 1.473710e-04	-2.319145e-04	-5.192241e+00	
 3.001840e-07	-8.536750e-06	 2.158020e-05	 2.232435e-05	 7.419515e-05	 8.717864e-06	-1.690236e-04	 4.264675e-05	-5.964328e-04	-2.782276e-03	 2.700073e-06	 6.813064e-04	 3.450154e-05	 9.264332e-08	 4.555992e-14	-4.387318e-05	 2.002401e-06	 2.338349e-03	 2.374571e-03	-3.282524e-05	-1.897429e-05	-1.052452e+00	
-6.951215e-08	-1.086231e-05	 3.306561e-06	 2.243625e-04	 8.717864e-06	 1.163690e-04	-3.007486e-04	-4.571723e-05	-1.273449e-03	-5.184455e-03	 7.210276e-07	 1.085459e-02	 2.276868e-05	-5.264291e-08	 4.804711e-13	 1.132170e-04	-1.837034e-07	 1.718869e-04	 3.946093e-03	-2.087424e-05	-3.433541e-05	-1.727385e+00	
 7.071299e-05	 1.054035e-03	 4.575479e-03	-2.117260e-03	-1.690236e-04	-3.007486e-04	 6.362871e-02	 8.486165e-04	 6.838631e-03	-3.135193e-01	-5.936553e-05	-2.707585e-02	 1.594785e-03	 2.687434e-05	-5.315641e-12	 1.991335e-04	 4.392090e-05	 4.564346e-01	-5.885499e-01	-1.464685e-03	 6.981043e-03	 8.019929e+01	
 7.404305e-07	 5.630801e-05	-6.228273e-05	 4.792737e-05	 4.264675e-05	-4.571723e-05	 8.486165e-04	 3.086907e-04	 8.961846e-04	-7.687345e-03	-9.447970e-06	-3.275599e-03	-1.568694e-04	 2.903325e-07	 9.924038e-14	-1.678605e-04	 7.565984e-06	-5.771591e-03	-1.761333e-02	 1.613525e-04	 9.596066e-05	 3.161047e+00	
 1.459520e-05	 2.997331e-04	-2.524248e-04	-2.292406e-03	-5.964328e-04	-1.273449e-03	 6.838631e-03	 8.961846e-04	 6.525309e-02	 1.127271e-02	 2.866940e-05	-1.171605e-01	-8.178672e-04	 7.146523e-06	-4.705854e-12	-9.026093e-04	-2.635173e-05	-1.704163e-02	-1.184528e-01	 7.819837e-04	 8.127444e-04	 1.182939e+02	
-5.881328e-04	-4.275888e-03	-2.898557e-02	-1.317898e-03	-2.782276e-03	-5.184455e-03	-3.135193e-01	-7.687345e-03	 1.127271e-02	 4.188397e+00	 3.398664e-04	-4.170086e-01	-1.366292e-02	-2.236352e-04	 2.736363e-13	-1.146923e-03	-4.244400e-04	-2.915033e+00	 2.993719e+00	 1.294391e-02	-3.479737e-02	-6.833014e+02	
 1.342242e-07	-4.802476e-06	 1.065994e-05	 5.368907e-05	 2.700073e-06	 7.210276e-07	-5.936553e-05	-9.447970e-06	 2.866940e-05	 3.398664e-04	 3.088763e-05	-4.070238e-05	 1.728674e-05	 5.872973e-08	 1.116829e-13	 1.911021e-05	-6.114013e-08	 1.095283e-03	 1.219095e-03	-1.741144e-05	-6.440144e-06	-7.863317e-02	
-3.916283e-05	-6.243133e-04	-1.162568e-03	 2.177974e-02	 6.813064e-04	 1.085459e-02	-2.707585e-02	-3.275599e-03	-1.171605e-01	-4.170086e-01	-4.070238e-05	 1.030427e+00	 2.767511e-04	-1.781305e-05	 4.670771e-11	 1.100604e-02	 8.876848e-06	-1.340979e-01	 3.088554e-01	-8.302190e-05	-3.082500e-03	-1.687811e+02	
 4.351088e-06	-3.791111e-05	 3.543928e-04	-1.448822e-04	 3.450154e-05	 2.276868e-05	 1.594785e-03	-1.568694e-04	-8.178672e-04	-1.366292e-02	 1.728674e-05	 2.767511e-04	 3.526554e-04	 1.630507e-06	-3.435881e-13	-2.665754e-05	-1.626879e-06	 3.573447e-02	-2.494926e-03	-3.496920e-04	 1.700620e-04	 8.350261e-01	
 7.409321e-08	 2.901818e-07	 2.891588e-06	-9.170457e-07	 9.264332e-08	-5.264291e-08	 2.687434e-05	 2.903325e-07	 7.146523e-06	-2.236352e-04	 5.872973e-08	-1.781305e-05	 1.630507e-06	 2.936614e-08	-2.348463e-15	-4.267692e-07	 1.198668e-08	 2.931934e-04	-2.599000e-04	-1.583641e-06	 2.949975e-06	 5.810838e-02	
-6.037380e-15	-3.646326e-14	-5.195336e-13	 1.541246e-12	 4.555992e-14	 4.804711e-13	-5.315641e-12	 9.924038e-14	-4.705854e-12	 2.736363e-13	 1.116829e-13	 4.670771e-11	-3.435881e-13	-2.348463e-15	 3.349916e-21	 4.948382e-13	 6.524936e-15	-5.259966e-11	 3.757068e-11	 3.471456e-13	-5.817649e-13	-1.159076e-08	
-1.081038e-06	 6.599512e-06	-1.757096e-05	 2.324125e-04	-4.387318e-05	 1.132170e-04	 1.991335e-04	-1.678605e-04	-9.026093e-04	-1.146923e-03	 1.911021e-05	 1.100604e-02	-2.665754e-05	-4.267692e-07	 4.948382e-13	 3.202131e-04	-2.180911e-06	-2.652565e-03	-1.078401e-03	 2.746333e-05	 2.383575e-05	-2.278653e+00	
 3.645322e-08	 1.668261e-06	 1.882353e-06	 3.318740e-06	 2.002401e-06	-1.837034e-07	 4.392090e-05	 7.565984e-06	-2.635173e-05	-4.244400e-04	-6.114013e-08	 8.876848e-06	-1.626879e-06	 1.198668e-08	 6.524936e-15	-2.180911e-06	 6.114841e-07	 1.884311e-04	-6.159212e-04	 1.823981e-06	 4.913466e-06	 4.203908e-04	
 7.715547e-04	 2.664982e-03	 5.206966e-02	-2.143332e-02	 2.338349e-03	 1.718869e-04	 4.564346e-01	-5.771591e-03	-1.704163e-02	-2.915033e+00	 1.095283e-03	-1.340979e-01	 3.573447e-02	 2.931934e-04	-5.259966e-11	-2.652565e-03	 1.884311e-04	 5.235989e+00	-3.365852e+00	-3.482837e-02	 4.970630e-02	 5.447404e+02	
-6.722771e-04	-1.247919e-02	-3.376428e-02	 1.439387e-02	 2.374571e-03	 3.946093e-03	-5.885499e-01	-1.761333e-02	-1.184528e-01	 2.993719e+00	 1.219095e-03	 3.088554e-01	-2.494926e-03	-2.599000e-04	 3.757068e-11	-1.078401e-03	-6.159212e-04	-3.365852e+00	 6.103862e+00	 1.271978e-03	-6.485186e-02	-8.702464e+02	
-4.220224e-06	 4.023236e-05	-3.452986e-04	 1.473710e-04	-3.282524e-05	-2.087424e-05	-1.464685e-03	 1.613525e-04	 7.819837e-04	 1.294391e-02	-1.741144e-05	-8.302190e-05	-3.496920e-04	-1.583641e-06	 3.471456e-13	 2.746333e-05	 1.823981e-06	-3.482837e-02	 1.271978e-03	 3.472910e-04	-1.558462e-04	-7.906363e-01	
 7.755130e-06	 1.167331e-04	 4.984574e-04	-2.319145e-04	-1.897429e-05	-3.433541e-05	 6.981043e-03	 9.596066e-05	 8.127444e-04	-3.479737e-02	-6.440144e-06	-3.082500e-03	 1.700620e-04	 2.949975e-06	-5.817649e-13	 2.383575e-05	 4.913466e-06	 4.970630e-02	-6.485186e-02	-1.558462e-04	 7.666300e-04	 8.926735e+00	
 1.434585e-01	 1.561422e+00	 5.205918e+00	-5.192241e+00	-1.052452e+00	-1.727385e+00	 8.019929e+01	 3.161047e+00	 1.182939e+02	-6.833014e+02	-7.863317e-02	-1.687811e+02	 8.350261e-01	 5.810838e-02	-1.159076e-08	-2.278653e+00	 4.203908e-04	 5.447404e+02	-8.702464e+02	-7.906363e-01	 8.926735e+00	 3.881986e+05	
