#          omega_b,        omega_cdm,                h,     ln10^{10}A_s,              n_s,         tau_reio,  delta_Neff_drmd,      log10z_stop,       f_idm_drmd, log10_G_over_aH_drmd,         A_planck,                M,               H0,          Omega_m,           sigma8,             rs_d,              YHe,           f_drmd,       z_dec_drmd
 2.708207e-08	 1.787718e-07	 7.310177e-07	 1.626327e-07	 1.103036e-07	 5.124583e-08	 8.806339e-06	 1.509409e-05	 6.117296e-07	-1.329173e-04	-1.645166e-08	 2.029118e-06	 7.211866e-05	-1.878701e-07	-1.366836e-07	-1.054642e-04	 1.124498e-08	 9.544867e-07	 6.845856e-02	
 1.787718e-07	 7.736343e-06	 1.321084e-05	-1.341785e-06	 3.766530e-06	-9.856253e-07	 3.130343e-04	 7.571616e-05	 1.358817e-05	-2.253021e-03	-7.327751e-07	 4.067218e-05	 1.333710e-03	 4.387500e-06	 2.242415e-06	-3.309679e-03	 7.667191e-08	 3.441535e-05	 3.405487e-01	
 7.310177e-07	 1.321084e-05	 4.864755e-05	-8.872803e-06	 7.851616e-06	 2.236918e-07	 7.320443e-04	-2.849017e-04	 1.738552e-05	-8.381873e-03	-6.507728e-07	 1.339400e-04	 4.893886e-03	-1.292242e-05	 9.310499e-07	-6.923709e-03	 3.091640e-07	 8.079492e-05	 4.667684e-01	
 1.626327e-07	-1.341785e-06	-8.872803e-06	 1.864860e-04	 2.916945e-06	 8.396056e-05	-1.412076e-04	 1.365430e-03	 7.845123e-06	 3.069434e-03	 6.462520e-06	-1.863107e-05	-9.296368e-04	 5.541834e-06	 7.311202e-05	 7.218960e-04	 6.166395e-08	-1.604598e-05	 3.003568e+00	
 1.103036e-07	 3.766530e-06	 7.851616e-06	 2.916945e-06	 1.919832e-05	-4.475219e-07	 1.446643e-04	-4.116078e-04	 2.375751e-05	-6.111481e-03	 2.571147e-07	 2.343617e-05	 7.749474e-04	 7.068252e-07	-1.031059e-05	-1.591689e-03	 4.904980e-08	 1.518997e-05	-3.654574e-01	
 5.124583e-08	-9.856253e-07	 2.236918e-07	 8.396056e-05	-4.475219e-07	 4.645829e-05	-2.510473e-05	 4.805516e-04	-6.025748e-06	 1.457216e-03	-2.280595e-06	 1.287661e-06	 2.023280e-05	-1.805858e-06	 3.901614e-05	 2.505476e-04	 1.943273e-08	-2.366466e-06	 8.649086e-01	
 8.806339e-06	 3.130343e-04	 7.320443e-04	-1.412076e-04	 1.446643e-04	-2.510473e-05	 1.442939e-02	-2.315045e-03	 4.373671e-04	-1.234981e-01	-2.548589e-05	 2.131735e-03	 7.390041e-02	 1.829926e-05	 9.887819e-05	-1.430903e-01	 3.775015e-06	 1.591327e-03	 5.983530e+00	
 1.509409e-05	 7.571616e-05	-2.849017e-04	 1.365430e-03	-4.116078e-04	 4.805516e-04	-2.315045e-03	 1.654999e-01	 7.460067e-04	 9.718097e-01	-1.055283e-04	-2.792107e-04	-3.131285e-02	 4.678123e-04	 3.723739e-04	-2.540919e-02	 5.649729e-06	-2.458120e-04	 2.586861e+02	
 6.117296e-07	 1.358817e-05	 1.738552e-05	 7.845123e-06	 2.375751e-05	-6.025748e-06	 4.373671e-04	 7.460067e-04	 7.294505e-05	-7.882845e-03	 2.563743e-07	 5.899424e-05	 1.677129e-03	 1.302954e-05	-2.876907e-05	-5.572791e-03	 2.593847e-07	 4.633933e-05	 3.175472e+00	
-1.329173e-04	-2.253021e-03	-8.381873e-03	 3.069434e-03	-6.111481e-03	 1.457216e-03	-1.234981e-01	 9.718097e-01	-7.882845e-03	 1.197259e+01	-4.811687e-04	-2.152740e-02	-8.363366e-01	 2.585116e-03	 4.037568e-03	 1.151606e+00	-6.261813e-05	-1.312688e-02	 4.353167e+02	
-1.645166e-08	-7.327751e-07	-6.507728e-07	 6.462520e-06	 2.571147e-07	-2.280595e-06	-2.548589e-05	-1.055283e-04	 2.563743e-07	-4.811687e-04	 5.369741e-06	-1.758319e-06	-7.027127e-05	-8.948750e-07	 7.759862e-07	 3.063969e-04	-7.424534e-09	-3.105492e-06	-3.913087e-02	
 2.029118e-06	 4.067218e-05	 1.339400e-04	-1.863107e-05	 2.343617e-05	 1.287661e-06	 2.131735e-03	-2.792107e-04	 5.899424e-05	-2.152740e-02	-1.758319e-06	 3.939551e-04	 1.347176e-02	-2.718452e-05	 5.853114e-06	-2.058061e-02	 8.584196e-07	 2.350128e-04	 2.193167e+00	
 7.211866e-05	 1.333710e-03	 4.893886e-03	-9.296368e-04	 7.749474e-04	 2.023280e-05	 7.390041e-02	-3.131285e-02	 1.677129e-03	-8.363366e-01	-7.027127e-05	 1.347176e-02	 4.926419e-01	-1.295014e-03	 1.389432e-04	-6.974250e-01	 3.051880e-05	 8.159508e-03	 3.721416e+01	
-1.878701e-07	 4.387500e-06	-1.292242e-05	 5.541834e-06	 7.068252e-07	-1.805858e-06	 1.829926e-05	 4.678123e-04	 1.302954e-05	 2.585116e-03	-8.948750e-07	-2.718452e-05	-1.295014e-03	 1.861687e-05	 3.601418e-06	-9.059153e-04	-7.821764e-08	 1.740330e-06	 5.195985e-01	
-1.366836e-07	 2.242415e-06	 9.310499e-07	 7.311202e-05	-1.031059e-05	 3.901614e-05	 9.887819e-05	 3.723739e-04	-2.876907e-05	 4.037568e-03	 7.759862e-07	 5.853114e-06	 1.389432e-04	 3.601418e-06	 6.062814e-05	-8.669389e-04	-5.954220e-08	 1.193024e-05	-4.951782e-02	
-1.054642e-04	-3.309679e-03	-6.923709e-03	 7.218960e-04	-1.591689e-03	 2.505476e-04	-1.430903e-01	-2.540919e-02	-5.572791e-03	 1.151606e+00	 3.063969e-04	-2.058061e-02	-6.974250e-01	-9.059153e-04	-8.669389e-04	 1.484574e+00	-4.484723e-05	-1.574885e-02	-1.711964e+02	
 1.124498e-08	 7.667191e-08	 3.091640e-07	 6.166395e-08	 4.904980e-08	 1.943273e-08	 3.775015e-06	 5.649729e-06	 2.593847e-07	-6.261813e-05	-7.424534e-09	 8.584196e-07	 3.051880e-05	-7.821764e-08	-5.954220e-08	-4.484723e-05	 4.675811e-09	 4.091326e-07	 2.808999e-02	
 9.544867e-07	 3.441535e-05	 8.079492e-05	-1.604598e-05	 1.518997e-05	-2.366466e-06	 1.591327e-03	-2.458120e-04	 4.633933e-05	-1.312688e-02	-3.105492e-06	 2.350128e-04	 8.159508e-03	 1.740330e-06	 1.193024e-05	-1.574885e-02	 4.091326e-07	 1.756900e-04	 5.588818e-01	
 6.845856e-02	 3.405487e-01	 4.667684e-01	 3.003568e+00	-3.654574e-01	 8.649086e-01	 5.983530e+00	 2.586861e+02	 3.175472e+00	 4.353167e+02	-3.913087e-02	 2.193167e+00	 3.721416e+01	 5.195985e-01	-4.951782e-02	-1.711964e+02	 2.808999e-02	 5.588818e-01	 7.110944e+05	
