#          omega_b,        omega_cdm,                h,     ln10^{10}A_s,              n_s,         tau_reio,  delta_Neff_drmd,       f_idm_drmd,      log10z_stop,         A_planck,           z_reio,     Omega_Lambda,              YHe,              A_s,           sigma8,      100*theta_s,               H0,             rs_d,          Omega_m,           f_drmd,       z_dec_drmd
 1.714845e-07	 7.030128e-07	 8.903764e-06	 1.538053e-06	 2.068979e-06	 2.081063e-06	 8.081054e-05	 5.247568e-06	 3.196401e-05	 7.192363e-08	 1.732179e-04	 5.735392e-06	 7.789485e-08	 3.185354e-15	 7.757385e-07	 1.166240e-07	 8.813836e-04	-7.080261e-04	-5.668567e-06	 9.470777e-06	 1.646973e-16	
 7.030128e-07	 3.259245e-05	 6.598118e-05	-1.099038e-05	-1.026416e-05	-2.209154e-06	 1.483380e-03	 4.932360e-05	 3.582169e-04	 1.346942e-06	 1.594006e-04	-1.107183e-05	 3.199332e-07	-2.682896e-14	 5.313609e-05	 6.074699e-07	 6.618276e-03	-1.518876e-02	 1.063947e-05	 1.730919e-04	 1.260349e-15	
 8.903764e-06	 6.598118e-05	 6.773097e-04	 9.111781e-06	 1.505506e-04	 1.194970e-04	 6.850497e-03	 3.606827e-04	 2.669161e-03	 7.325709e-06	 1.065725e-02	 4.161096e-04	 4.080306e-06	 1.103269e-14	 4.836638e-05	 9.461213e-06	 6.719707e-02	-5.568585e-02	-4.131988e-04	 8.030153e-04	 1.094421e-14	
 1.538053e-06	-1.099038e-05	 9.111781e-06	 1.248457e-03	 2.316398e-05	 5.639739e-04	-4.051888e-04	-7.987879e-04	-7.640651e-04	 5.118958e-05	 5.452105e-02	 2.728610e-05	 5.400804e-07	 2.663108e-12	 4.961781e-04	 1.989772e-07	 4.113055e-04	 3.605404e-03	-1.698515e-05	-5.792063e-05	 2.151501e-14	
 2.068979e-06	-1.026416e-05	 1.505506e-04	 2.316398e-05	 1.008602e-04	 5.021299e-05	 7.488285e-04	 4.932273e-05	 9.569137e-04	 6.600654e-07	 4.247836e-03	 1.409684e-04	 9.461812e-07	 4.885640e-14	-1.627992e-05	 2.435182e-06	 1.487224e-02	-2.929169e-03	-1.394974e-04	 8.908372e-05	 2.706480e-15	
 2.081063e-06	-2.209154e-06	 1.194970e-04	 5.639739e-04	 5.021299e-05	 3.084993e-04	 7.431416e-04	-1.147490e-04	-3.750238e-04	-3.091291e-06	 2.954313e-02	 1.003638e-04	 8.843340e-07	 1.203900e-12	 2.165919e-04	 1.525428e-06	 1.159468e-02	-4.513699e-03	-9.462833e-05	 8.168388e-05	 1.409664e-14	
 8.081054e-05	 1.483380e-03	 6.850497e-03	-4.051888e-04	 7.488285e-04	 7.431416e-04	 9.538246e-02	 3.918131e-03	 3.023858e-02	 9.782128e-05	 7.826405e-02	 2.605633e-03	 3.702268e-05	-1.028877e-12	 1.937120e-03	 7.604115e-05	 6.820804e-01	-8.663368e-01	-2.600264e-03	 1.115691e-02	 1.117846e-13	
 5.247568e-06	 4.932360e-05	 3.606827e-04	-7.987879e-04	 4.932273e-05	-1.147490e-04	 3.918131e-03	 8.721784e-02	-1.052384e-01	-2.325812e-04	-1.307984e-02	 2.088116e-04	 2.629425e-06	-1.732824e-12	-2.771217e-04	 8.114042e-06	 3.604972e-02	-3.659702e-02	-2.093208e-04	 5.003284e-04	 1.044734e-15	
 3.196401e-05	 3.582169e-04	 2.669161e-03	-7.640651e-04	 9.569137e-04	-3.750238e-04	 3.023858e-02	-1.052384e-01	 6.136885e-01	 5.078358e-04	-3.613782e-02	 1.453906e-03	 1.460259e-05	-1.665107e-12	 2.230291e-04	 4.056823e-05	 2.655370e-01	-2.517312e-01	-1.460973e-03	 3.517804e-03	-2.357589e-14	
 7.192363e-08	 1.346942e-06	 7.325709e-06	 5.118958e-05	 6.600654e-07	-3.091291e-06	 9.782128e-05	-2.325812e-04	 5.078358e-04	 3.024793e-05	-2.419848e-04	 3.163514e-06	 2.591126e-08	 1.074818e-13	 2.245849e-05	-1.215829e-08	 7.329312e-04	-8.890064e-04	-3.149272e-06	 1.224525e-05	-1.488660e-15	
 1.732179e-04	 1.594006e-04	 1.065725e-02	 5.452105e-02	 4.247836e-03	 2.954313e-02	 7.826405e-02	-1.307984e-02	-3.613782e-02	-2.419848e-04	 2.852345e+00	 8.277868e-03	 7.252891e-05	 1.163117e-10	 2.185998e-02	 1.276673e-04	 1.032237e+00	-5.232994e-01	-7.724669e-03	 8.606087e-03	 1.397447e-12	
 5.735392e-06	-1.107183e-05	 4.161096e-04	 2.728610e-05	 1.409684e-04	 1.003638e-04	 2.605633e-03	 2.088116e-04	 1.453906e-03	 3.163514e-06	 8.277868e-03	 3.590872e-04	 2.642126e-06	 5.795783e-14	-6.674698e-05	 6.418835e-06	 4.113048e-02	-1.489730e-02	-3.558527e-04	 3.072623e-04	 6.541192e-15	
 7.789485e-08	 3.199332e-07	 4.080306e-06	 5.400804e-07	 9.461812e-07	 8.843340e-07	 3.702268e-05	 2.629425e-06	 1.460259e-05	 2.591126e-08	 7.252891e-05	 2.642126e-06	 3.550477e-08	 1.108834e-15	 2.822530e-07	 5.372297e-08	 4.039507e-04	-3.234649e-04	-2.612985e-06	 4.347485e-06	 7.290203e-17	
 3.185354e-15	-2.682896e-14	 1.103269e-14	 2.663108e-12	 4.885640e-14	 1.203900e-12	-1.028877e-12	-1.732824e-12	-1.665107e-12	 1.074818e-13	 1.163117e-10	 5.795783e-14	 1.108834e-15	 5.683310e-21	 1.052425e-12	 3.297629e-16	 4.392774e-14	 9.352173e-12	-3.601168e-14	-1.430559e-13	 4.573517e-23	
 7.757385e-07	 5.313609e-05	 4.836638e-05	 4.961781e-04	-1.627992e-05	 2.165919e-04	 1.937120e-03	-2.771217e-04	 2.230291e-04	 2.245849e-05	 2.185998e-02	-6.674698e-05	 2.822530e-07	 1.052425e-12	 3.154578e-04	 7.105202e-07	 4.738418e-03	-2.192049e-02	 6.980113e-05	 2.215781e-04	 1.027420e-14	
 1.166240e-07	 6.074699e-07	 9.461213e-06	 1.989772e-07	 2.435182e-06	 1.525428e-06	 7.604115e-05	 8.114042e-06	 4.056823e-05	-1.215829e-08	 1.276673e-04	 6.418835e-06	 5.372297e-08	 3.297629e-16	 7.105202e-07	 4.894513e-07	 9.361034e-04	-6.060867e-04	-6.380940e-06	 8.891340e-06	 2.339726e-16	
 8.813836e-04	 6.618276e-03	 6.719707e-02	 4.113055e-04	 1.487224e-02	 1.159468e-02	 6.820804e-01	 3.604972e-02	 2.655370e-01	 7.329312e-04	 1.032237e+00	 4.113048e-02	 4.039507e-04	 4.392774e-14	 4.738418e-03	 9.361034e-04	 6.667569e+00	-5.551557e+00	-4.085087e-02	 7.995990e-02	 1.068993e-12	
-7.080261e-04	-1.518876e-02	-5.568585e-02	 3.605404e-03	-2.929169e-03	-4.513699e-03	-8.663368e-01	-3.659702e-02	-2.517312e-01	-8.890064e-04	-5.232994e-01	-1.489730e-02	-3.234649e-04	 9.352173e-12	-2.192049e-02	-6.060867e-04	-5.551557e+00	 8.264192e+00	 1.491788e-02	-1.013855e-01	-9.306347e-13	
-5.668567e-06	 1.063947e-05	-4.131988e-04	-1.698515e-05	-1.394974e-04	-9.462833e-05	-2.600264e-03	-2.093208e-04	-1.460973e-03	-3.149272e-06	-7.724669e-03	-3.558527e-04	-2.612985e-06	-3.601168e-14	 6.980113e-05	-6.380940e-06	-4.085087e-02	 1.491788e-02	 3.527788e-04	-3.067600e-04	-6.212669e-15	
 9.470777e-06	 1.730919e-04	 8.030153e-04	-5.792063e-05	 8.908372e-05	 8.168388e-05	 1.115691e-02	 5.003284e-04	 3.517804e-03	 1.224525e-05	 8.606087e-03	 3.072623e-04	 4.347485e-06	-1.430559e-13	 2.215781e-04	 8.891340e-06	 7.995990e-02	-1.013855e-01	-3.067600e-04	 1.307549e-03	 1.264255e-14	
 1.646973e-16	 1.260349e-15	 1.094421e-14	 2.151501e-14	 2.706480e-15	 1.409664e-14	 1.117846e-13	 1.044734e-15	-2.357589e-14	-1.488660e-15	 1.397447e-12	 6.541192e-15	 7.290203e-17	 4.573517e-23	 1.027420e-14	 2.339726e-16	 1.068993e-12	-9.306347e-13	-6.212669e-15	 1.264255e-14	 1.188593e-24	
