#          omega_b,        omega_cdm,                h,     ln10^{10}A_s,              n_s,         tau_reio,  delta_Neff_drmd,       f_idm_drmd,      log10z_stop,         A_planck,           z_reio,     Omega_Lambda,              YHe,              A_s,           sigma8,      100*theta_s,               H0,             rs_d,          Omega_m,           f_drmd,       z_dec_drmd
 3.168398e-07	 2.122599e-06	 1.984003e-05	 1.727470e-06	 4.353740e-06	 3.866491e-06	 2.040024e-04	-1.845621e-05	 1.220943e-05	 2.126944e-07	 3.503912e-04	 1.114067e-05	 1.302841e-07	 3.934629e-15	 2.255478e-06	 2.396540e-07	 1.984213e-03	-1.694584e-03	-1.113890e-05	 2.245233e-05	 2.304040e-17	
 2.122599e-06	 5.333360e-05	 1.892333e-04	-3.700390e-05	 1.320504e-05	 5.325898e-06	 3.036242e-03	-2.108592e-04	 3.345757e-05	 1.342555e-06	 1.030920e-03	 4.254701e-05	 8.712761e-07	-7.554485e-14	 6.875143e-05	 2.075887e-06	 1.892525e-02	-2.773596e-02	-4.248532e-05	 3.349206e-04	 3.588429e-16	
 1.984003e-05	 1.892333e-04	 1.558189e-03	-1.499320e-05	 3.308055e-04	 2.498201e-04	 1.710570e-02	-1.247102e-03	 5.642491e-04	 1.431735e-05	 2.369711e-02	 8.388144e-04	 8.155347e-06	-7.995848e-15	 1.724900e-04	 1.959412e-05	 1.558183e-01	-1.376873e-01	-8.386984e-04	 1.881699e-03	 1.690611e-15	
 1.727470e-06	-3.700390e-05	-1.499320e-05	 1.922689e-03	 5.168142e-05	 8.926855e-04	-1.423063e-03	-4.131666e-04	 1.843258e-03	 6.183514e-05	 8.718913e-02	 4.490710e-05	 7.144025e-07	 4.062264e-12	 7.243149e-04	 3.434567e-07	-1.415699e-03	 1.313115e-02	-4.533271e-05	-1.611799e-04	-1.005098e-15	
 4.353740e-06	 1.320504e-05	 3.308055e-04	 5.168142e-05	 1.381937e-04	 9.195571e-05	 2.788017e-03	-2.133126e-04	 1.665323e-04	 4.203956e-06	 8.351661e-03	 2.312943e-04	 1.788269e-06	 1.148755e-13	 1.846508e-05	 4.475521e-06	 3.309234e-02	-1.927845e-02	-2.312596e-04	 3.045473e-04	 3.672552e-16	
 3.866491e-06	 5.325898e-06	 2.498201e-04	 8.926855e-04	 9.195571e-05	 4.947622e-04	 1.919905e-03	-3.982799e-04	 1.087394e-03	 1.427858e-06	 4.814492e-02	 1.767813e-04	 1.591831e-06	 1.891848e-12	 3.498301e-04	 3.072374e-06	 2.502562e-02	-1.335269e-02	-1.770429e-04	 2.100063e-04	-1.159429e-16	
 2.040024e-04	 3.036242e-03	 1.710570e-02	-1.423063e-03	 2.788017e-03	 1.919905e-03	 2.188010e-01	-1.536811e-02	 4.644438e-03	 1.423322e-04	 1.997526e-01	 7.340861e-03	 8.381687e-05	-2.752535e-12	 3.335147e-03	 1.951683e-04	 1.710590e+00	-1.857219e+00	-7.338151e-03	 2.408948e-02	 2.326176e-14	
-1.845621e-05	-2.108592e-04	-1.247102e-03	-4.131666e-04	-2.133126e-04	-3.982799e-04	-1.536811e-02	 7.227242e-02	 2.178713e-03	 1.454290e-05	-3.928119e-02	-5.515793e-04	-7.708283e-06	-9.142534e-13	-4.176043e-04	-1.531034e-05	-1.243379e-01	 1.275719e-01	 5.523280e-04	-1.586020e-03	 2.509372e-15	
 1.220943e-05	 3.345757e-05	 5.642491e-04	 1.843258e-03	 1.665323e-04	 1.087394e-03	 4.644438e-03	 2.178713e-03	 6.727518e-01	-9.041350e-05	 9.738045e-02	 2.495773e-04	 5.245660e-06	 4.009857e-12	 7.747974e-04	 7.800418e-06	 5.746800e-02	-3.649446e-02	-2.542486e-04	 4.212534e-04	-4.897331e-15	
 2.126944e-07	 1.342555e-06	 1.431735e-05	 6.183514e-05	 4.203956e-06	 1.427858e-06	 1.423322e-04	 1.454290e-05	-9.041350e-05	 3.172331e-05	 1.293608e-04	 8.128885e-06	 8.799224e-08	 1.292586e-13	 2.632906e-05	 1.897450e-07	 1.430190e-03	-1.107084e-03	-8.076063e-06	 1.490188e-05	-1.161806e-16	
 3.503912e-04	 1.030920e-03	 2.369711e-02	 8.718913e-02	 8.351661e-03	 4.814492e-02	 1.997526e-01	-3.928119e-02	 9.738045e-02	 1.293608e-04	 4.755046e+00	 1.582537e-02	 1.442984e-04	 1.841190e-10	 3.529912e-02	 2.859466e-04	 2.374182e+00	-1.451197e+00	-1.584763e-02	 2.190793e-02	-1.142493e-14	
 1.114067e-05	 4.254701e-05	 8.388144e-04	 4.490710e-05	 2.312943e-04	 1.767813e-04	 7.340861e-03	-5.515793e-04	 2.495773e-04	 8.128885e-06	 1.582537e-02	 5.727097e-04	 4.589300e-06	 1.077973e-13	-6.854259e-06	 1.126378e-05	 8.387940e-02	-5.260822e-02	-5.727012e-04	 8.090829e-04	 6.250318e-16	
 1.302841e-07	 8.712761e-07	 8.155347e-06	 7.144025e-07	 1.788269e-06	 1.591831e-06	 8.381687e-05	-7.708283e-06	 5.245660e-06	 8.799224e-08	 1.442984e-04	 4.589300e-06	 5.359362e-08	 1.626236e-15	 9.259443e-07	 9.852433e-08	 8.156248e-04	-6.965831e-04	-4.588567e-06	 9.234073e-06	 9.448658e-18	
 3.934629e-15	-7.554485e-14	-7.995848e-15	 4.062264e-12	 1.148755e-13	 1.891848e-12	-2.752535e-12	-9.142534e-13	 4.009857e-12	 1.292586e-13	 1.841190e-10	 1.077973e-13	 1.626236e-15	 8.594473e-21	 1.533741e-12	 1.017207e-15	-6.183874e-13	 2.577162e-11	-1.087260e-13	-3.128712e-13	-2.061933e-24	
 2.255478e-06	 6.875143e-05	 1.724900e-04	 7.243149e-04	 1.846508e-05	 3.498301e-04	 3.335147e-03	-4.176043e-04	 7.747974e-04	 2.632906e-05	 3.529912e-02	-6.854259e-06	 9.259443e-07	 1.533741e-12	 4.256269e-04	 2.430418e-06	 1.729165e-02	-3.283708e-02	 6.809118e-06	 3.671807e-04	 1.200156e-16	
 2.396540e-07	 2.075887e-06	 1.959412e-05	 3.434567e-07	 4.475521e-06	 3.072374e-06	 1.951683e-04	-1.531034e-05	 7.800418e-06	 1.897450e-07	 2.859466e-04	 1.126378e-05	 9.852433e-08	 1.017207e-15	 2.430418e-06	 6.194507e-07	 1.959645e-03	-1.566417e-03	-1.126250e-05	 2.154245e-05	 1.626506e-17	
 1.984213e-03	 1.892525e-02	 1.558183e-01	-1.415699e-03	 3.309234e-02	 2.502562e-02	 1.710590e+00	-1.243379e-01	 5.746800e-02	 1.430190e-03	 2.374182e+00	 8.387940e-02	 8.156248e-04	-6.183874e-13	 1.729165e-02	 1.959645e-03	 1.558194e+01	-1.376958e+01	-8.386755e-02	 1.881759e-01	 1.693313e-13	
-1.694584e-03	-2.773596e-02	-1.376873e-01	 1.313115e-02	-1.927845e-02	-1.335269e-02	-1.857219e+00	 1.275719e-01	-3.649446e-02	-1.107084e-03	-1.451197e+00	-5.260822e-02	-6.965831e-04	 2.577162e-11	-3.283708e-02	-1.566417e-03	-1.376958e+01	 1.622921e+01	 5.258149e-02	-2.051189e-01	-2.043071e-13	
-1.113890e-05	-4.248532e-05	-8.386984e-04	-4.533271e-05	-2.312596e-04	-1.770429e-04	-7.338151e-03	 5.523280e-04	-2.542486e-04	-8.076063e-06	-1.584763e-02	-5.727012e-04	-4.588567e-06	-1.087260e-13	 6.809118e-06	-1.126250e-05	-8.386755e-02	 5.258149e-02	 5.727015e-04	-8.087891e-04	-6.233693e-16	
 2.245233e-05	 3.349206e-04	 1.881699e-03	-1.611799e-04	 3.045473e-04	 2.100063e-04	 2.408948e-02	-1.586020e-03	 4.212534e-04	 1.490188e-05	 2.190793e-02	 8.090829e-04	 9.234073e-06	-3.128712e-13	 3.671807e-04	 2.154245e-05	 1.881759e-01	-2.051189e-01	-8.087891e-04	 2.662201e-03	 2.519228e-15	
 2.304040e-17	 3.588429e-16	 1.690611e-15	-1.005098e-15	 3.672552e-16	-1.159429e-16	 2.326176e-14	 2.509372e-15	-4.897331e-15	-1.161806e-16	-1.142493e-14	 6.250318e-16	 9.448658e-18	-2.061933e-24	 1.200156e-16	 1.626506e-17	 1.693313e-13	-2.043071e-13	-6.233693e-16	 2.519228e-15	 1.865201e-26	
