#          omega_b,        omega_cdm,                h,     ln10^{10}A_s,              n_s,         tau_reio,  delta_Neff_drmd,       f_idm_drmd,      log10z_stop,         A_planck,           z_reio,     Omega_Lambda,              YHe,              A_s,           sigma8,      100*theta_s,               H0,             rs_d,          Omega_m,           f_drmd,       z_dec_drmd
 1.555091e-07	 4.258733e-07	 6.982628e-06	 2.065089e-06	 2.018995e-06	 1.878894e-06	 5.796974e-05	-2.981386e-05	-3.794942e-05	 1.631992e-07	 1.667729e-04	 4.783390e-06	 6.479255e-08	 4.391624e-15	 7.664075e-07	 9.519731e-08	 6.977224e-04	-5.360181e-04	-4.782857e-06	 6.955684e-06	-8.350763e-18	
 4.258733e-07	 2.515739e-05	 3.743563e-05	-2.741475e-05	-9.948045e-06	-1.402980e-05	 1.041031e-03	-4.188866e-04	-8.190306e-04	 1.698652e-06	-1.085515e-03	-2.054584e-05	 1.825168e-07	-5.652219e-14	 3.770778e-05	 3.928355e-07	 3.730330e-03	-1.144864e-02	 2.057528e-05	 1.249416e-04	-5.713768e-18	
 6.982628e-06	 3.743563e-05	 5.007595e-04	 4.448328e-05	 1.302098e-04	 1.047250e-04	 4.679634e-03	-1.734299e-03	-3.432163e-03	 7.680741e-06	 1.028355e-02	 3.372757e-04	 2.924341e-06	 9.274760e-14	 3.172059e-05	 7.526334e-06	 5.009915e-02	-3.799500e-02	-3.374829e-04	 5.601282e-04	-5.600537e-16	
 2.065089e-06	-2.741475e-05	 4.448328e-05	 1.699606e-03	 7.075880e-05	 7.905994e-04	-6.308733e-04	-9.708538e-04	 1.641993e-05	 6.509590e-05	 7.908081e-02	 9.205170e-05	 8.091129e-07	 3.586256e-12	 6.372973e-04	 4.604176e-07	 4.510757e-03	 7.736788e-03	-9.298163e-05	-7.891060e-05	 1.124922e-15	
 2.018995e-06	-9.948045e-06	 1.302098e-04	 7.075880e-05	 9.150655e-05	 6.101000e-05	 5.976135e-04	-1.188810e-04	-2.772314e-04	 5.709728e-06	 5.643454e-03	 1.279342e-04	 8.399518e-07	 1.487505e-13	 3.557337e-06	 2.177154e-06	 1.304557e-02	-2.349889e-03	-1.283294e-04	 7.086950e-05	-1.819051e-16	
 1.878894e-06	-1.402980e-05	 1.047250e-04	 7.905994e-04	 6.101000e-05	 4.140248e-04	 2.938037e-04	-8.252150e-04	-5.829943e-04	 6.603102e-06	 4.131946e-02	 1.158499e-04	 7.607280e-07	 1.668937e-12	 2.822135e-04	 1.112608e-06	 1.051196e-02	 2.654981e-04	-1.163308e-04	 3.377820e-05	 3.516193e-16	
 5.796974e-05	 1.041031e-03	 4.679634e-03	-6.308733e-04	 5.976135e-04	 2.938037e-04	 6.574813e-02	-2.449034e-02	-5.070973e-02	 1.012082e-04	 3.932687e-02	 1.747277e-03	 2.443393e-05	-1.303318e-12	 1.334950e-03	 5.509552e-05	 4.677884e-01	-6.194233e-01	-1.748104e-03	 7.878601e-03	-4.133975e-15	
-2.981386e-05	-4.188866e-04	-1.734299e-03	-9.708538e-04	-1.188810e-04	-8.252150e-04	-2.449034e-02	 9.885504e-02	 2.068393e-03	 1.213910e-04	-8.507541e-02	-5.694483e-04	-1.262061e-05	-2.057566e-12	-1.004959e-03	-2.415335e-05	-1.727083e-01	 2.469852e-01	 5.711106e-04	-2.944447e-03	 7.925483e-15	
-3.794942e-05	-8.190306e-04	-3.432163e-03	 1.641993e-05	-2.772314e-04	-5.829943e-04	-5.070973e-02	 2.068393e-03	 3.264572e-01	 3.285089e-05	-7.236035e-02	-1.200412e-03	-1.581679e-05	 2.474739e-14	-1.233395e-03	-2.896644e-05	-3.438480e-01	 4.669324e-01	 1.189635e-03	-5.964790e-03	-9.397404e-16	
 1.631992e-07	 1.698652e-06	 7.680741e-06	 6.509590e-05	 5.709728e-06	 6.603102e-06	 1.012082e-04	 1.213910e-04	 3.285089e-05	 2.624154e-05	 7.438464e-04	 2.575058e-06	 6.728002e-08	 1.356159e-13	 3.056068e-05	 1.233974e-07	 7.726292e-04	-1.040254e-03	-2.645483e-06	 1.180984e-05	 8.943444e-17	
 1.667729e-04	-1.085515e-03	 1.028355e-02	 7.908081e-02	 5.643454e-03	 4.131946e-02	 3.932687e-02	-8.507541e-02	-7.236035e-02	 7.438464e-04	 4.165327e+00	 1.082671e-02	 6.731205e-05	 1.665648e-10	 2.889607e-02	 1.033974e-04	 1.032728e+00	-7.507939e-02	-1.087397e-02	 4.569286e-03	 4.132440e-14	
 4.783390e-06	-2.054584e-05	 3.372757e-04	 9.205170e-05	 1.279342e-04	 1.158499e-04	 1.747277e-03	-5.694483e-04	-1.200412e-03	 2.575058e-06	 1.082671e-02	 3.221365e-04	 1.996913e-06	 1.907420e-13	-5.109050e-05	 5.431481e-06	 3.377511e-02	-7.884039e-03	-3.223717e-04	 2.085830e-04	-4.304107e-16	
 6.479255e-08	 1.825168e-07	 2.924341e-06	 8.091129e-07	 8.399518e-07	 7.607280e-07	 2.443393e-05	-1.262061e-05	-1.581679e-05	 6.728002e-08	 6.731205e-05	 1.996913e-06	 2.700531e-08	 1.722017e-15	 3.071597e-07	 3.985014e-08	 2.922065e-04	-2.259302e-04	-1.996687e-06	 2.932884e-06	-3.523749e-18	
 4.391624e-15	-5.652219e-14	 9.274760e-14	 3.586256e-12	 1.487505e-13	 1.668937e-12	-1.303318e-12	-2.057566e-12	 2.474739e-14	 1.356159e-13	 1.665648e-10	 1.907420e-13	 1.722017e-15	 7.574026e-21	 1.348618e-12	 9.791093e-16	 9.408335e-12	 1.584716e-11	-1.927146e-13	-1.632385e-13	 2.326888e-24	
 7.664075e-07	 3.770778e-05	 3.172059e-05	 6.372973e-04	 3.557337e-06	 2.822135e-04	 1.334950e-03	-1.004959e-03	-1.233395e-03	 3.056068e-05	 2.889607e-02	-5.109050e-05	 3.071597e-07	 1.348618e-12	 3.459565e-04	 7.021049e-07	 3.170101e-03	-1.618084e-02	 5.070923e-05	 1.590984e-04	 5.265775e-16	
 9.519731e-08	 3.928355e-07	 7.526334e-06	 4.604176e-07	 2.177154e-06	 1.112608e-06	 5.509552e-05	-2.415335e-05	-2.896644e-05	 1.233974e-07	 1.033974e-04	 5.431481e-06	 3.985014e-08	 9.791093e-16	 7.021049e-07	 4.755567e-07	 7.531847e-04	-4.496561e-04	-5.433513e-06	 6.590032e-06	-5.910750e-18	
 6.977224e-04	 3.730330e-03	 5.009915e-02	 4.510757e-03	 1.304557e-02	 1.051196e-02	 4.677884e-01	-1.727083e-01	-3.438480e-01	 7.726292e-04	 1.032728e+00	 3.377511e-02	 2.922065e-04	 9.408335e-12	 3.170101e-03	 7.531847e-04	 5.012538e+00	-3.794591e+00	-3.379654e-02	 5.598853e-02	-5.625206e-14	
-5.360181e-04	-1.144864e-02	-3.799500e-02	 7.736788e-03	-2.349889e-03	 2.654981e-04	-6.194233e-01	 2.469852e-01	 4.669324e-01	-1.040254e-03	-7.507939e-02	-7.884039e-03	-2.259302e-04	 1.584716e-11	-1.618084e-02	-4.496561e-04	-3.794591e+00	 6.240148e+00	 7.878547e-03	-7.434058e-02	 2.873192e-14	
-4.782857e-06	 2.057528e-05	-3.374829e-04	-9.298163e-05	-1.283294e-04	-1.163308e-04	-1.748104e-03	 5.711106e-04	 1.189635e-03	-2.645483e-06	-1.087397e-02	-3.223717e-04	-1.996687e-06	-1.927146e-13	 5.070923e-05	-5.433513e-06	-3.379654e-02	 7.878547e-03	 3.226218e-04	-2.086728e-04	 4.358078e-16	
 6.955684e-06	 1.249416e-04	 5.601282e-04	-7.891060e-05	 7.086950e-05	 3.377820e-05	 7.878601e-03	-2.944447e-03	-5.964790e-03	 1.180984e-05	 4.569286e-03	 2.085830e-04	 2.932884e-06	-1.632385e-13	 1.590984e-04	 6.590032e-06	 5.598853e-02	-7.434058e-02	-2.086728e-04	 9.450811e-04	-4.949350e-16	
-8.350763e-18	-5.713768e-18	-5.600537e-16	 1.124922e-15	-1.819051e-16	 3.516193e-16	-4.133975e-15	 7.925483e-15	-9.397404e-16	 8.943444e-17	 4.132440e-14	-4.304107e-16	-3.523749e-18	 2.326888e-24	 5.265775e-16	-5.910750e-18	-5.625206e-14	 2.873192e-14	 4.358078e-16	-4.949350e-16	 1.537686e-26	
