#          omega_b,        omega_cdm,                h,     ln10^{10}A_s,              n_s,         tau_reio,  delta_Neff_drmd,       f_idm_drmd,      log10z_stop,         A_planck,           z_reio,     Omega_Lambda,              YHe,              A_s,           sigma8,      100*theta_s,               H0,             rs_d,          Omega_m,           f_drmd,       z_dec_drmd
 2.479063e-07	 1.069915e-06	 1.391824e-05	-1.509258e-06	 3.426338e-06	 1.463617e-06	 1.273042e-04	-1.975546e-05	 1.222129e-06	 7.584963e-08	 1.059108e-04	 8.813495e-06	 1.030627e-07	-3.061474e-15	-4.019684e-07	 1.828028e-07	 1.389786e-03	-1.080616e-03	-8.808710e-06	 1.461310e-05	 1.261607e-17	
 1.069915e-06	 3.467930e-05	 9.447232e-05	-5.317514e-05	-3.072983e-06	-1.648026e-05	 1.758415e-03	-1.598507e-04	 3.725423e-04	 4.645784e-07	-1.066737e-03	 4.805972e-06	 4.495902e-07	-1.145812e-13	 3.763837e-05	 9.806753e-07	 9.441528e-03	-1.735452e-02	-4.766235e-06	 2.026219e-04	-2.107559e-17	
 1.391824e-05	 9.447232e-05	 1.050765e-03	-2.410080e-04	 2.498913e-04	 7.042048e-05	 1.040381e-02	-1.882846e-03	-5.204480e-04	 2.124627e-06	 5.838496e-03	 6.459665e-04	 5.798372e-06	-5.055843e-13	-4.562126e-05	 1.430001e-05	 1.049584e-01	-8.312749e-02	-6.456128e-04	 1.191735e-03	 8.403455e-16	
-1.509258e-06	-5.317514e-05	-2.410080e-04	 2.234625e-03	-2.514909e-06	 1.011336e-03	-3.541881e-03	 8.197973e-04	 9.638415e-05	 5.395100e-05	 9.659285e-02	-9.292247e-05	-6.802348e-07	 4.776797e-12	 8.461627e-04	-1.884919e-06	-2.419796e-02	 3.071144e-02	 9.273773e-05	-4.161932e-04	-1.573693e-15	
 3.426338e-06	-3.072983e-06	 2.498913e-04	-2.514909e-06	 1.285812e-04	 5.589665e-05	 1.671401e-03	-3.849970e-04	-1.984071e-04	 2.612315e-07	 4.602601e-03	 2.060621e-04	 1.420312e-06	-2.619857e-15	-2.720738e-05	 3.838187e-06	 2.495018e-02	-1.004299e-02	-2.060162e-04	 1.901782e-04	 1.806273e-16	
 1.463617e-06	-1.648026e-05	 7.042048e-05	 1.011336e-03	 5.589665e-05	 5.268185e-04	-6.271823e-05	-2.552859e-05	-3.615382e-04	-4.139403e-06	 5.005195e-02	 8.660086e-05	 5.865858e-07	 2.167832e-12	 3.764387e-04	 1.437248e-06	 6.971020e-03	 3.134873e-03	-8.670663e-05	-1.258073e-05	-7.058396e-16	
 1.273042e-04	 1.758415e-03	 1.040381e-02	-3.541881e-03	 1.671401e-03	-6.271823e-05	 1.295733e-01	-1.902764e-02	 6.682444e-03	 2.676337e-05	 5.076085e-03	 4.730953e-03	 5.317700e-05	-7.532077e-12	 7.815607e-04	 1.221754e-04	 1.039394e+00	-1.131243e+00	-4.727368e-03	 1.487451e-02	 5.144128e-15	
-1.975546e-05	-1.598507e-04	-1.882846e-03	 8.197973e-04	-3.849970e-04	-2.552859e-05	-1.902764e-02	 8.388146e-02	 5.550733e-02	 8.759677e-05	-1.590093e-03	-1.129198e-03	-8.231109e-06	 1.709585e-12	 2.796783e-04	-2.208105e-05	-1.882134e-01	 1.324541e-01	 1.125609e-03	-1.962011e-03	-1.060506e-15	
 1.222129e-06	 3.725423e-04	-5.204480e-04	 9.638415e-05	-1.984071e-04	-3.615382e-04	 6.682444e-03	 5.550733e-02	 5.956511e-01	 2.494989e-04	-2.426818e-02	-9.917911e-04	 1.435719e-06	 1.471123e-13	 9.576407e-04	-7.337946e-06	-5.246562e-02	-1.497494e-01	 9.932269e-04	 1.369921e-03	 3.692713e-15	
 7.584963e-08	 4.645784e-07	 2.124627e-06	 5.395100e-05	 2.612315e-07	-4.139403e-06	 2.676337e-05	 8.759677e-05	 2.494989e-04	 3.094704e-05	-3.530978e-04	 3.023082e-07	 2.953632e-08	 1.117145e-13	 2.226527e-05	-6.179965e-08	 2.126964e-04	-3.329030e-04	-2.460342e-07	 3.289822e-06	 6.784463e-17	
 1.059108e-04	-1.066737e-03	 5.838496e-03	 9.659285e-02	 4.602601e-03	 5.005195e-02	 5.076085e-03	-1.590093e-03	-2.426818e-02	-3.530978e-04	 4.825078e+00	 6.574806e-03	 4.203828e-05	 2.062150e-10	 3.713655e-02	 1.214182e-04	 5.780642e-01	 1.605919e-01	-6.588665e-03	 1.124128e-04	-6.760216e-14	
 8.813495e-06	 4.805972e-06	 6.459665e-04	-9.292247e-05	 2.060621e-04	 8.660086e-05	 4.730953e-03	-1.129198e-03	-9.917911e-04	 3.023082e-07	 6.574806e-03	 5.087173e-04	 3.668837e-06	-1.888932e-13	-1.162087e-04	 9.468398e-06	 6.450995e-02	-3.095943e-02	-5.085203e-04	 5.409965e-04	 7.092677e-16	
 1.030627e-07	 4.495902e-07	 5.798372e-06	-6.802348e-07	 1.420312e-06	 5.865858e-07	 5.317700e-05	-8.231109e-06	 1.435719e-06	 2.953632e-08	 4.203828e-05	 3.668837e-06	 4.286096e-08	-1.386024e-15	-1.810450e-07	 7.606911e-08	 5.789832e-04	-4.517184e-04	-3.666846e-06	 6.108503e-06	 5.281533e-18	
-3.061474e-15	-1.145812e-13	-5.055843e-13	 4.776797e-12	-2.619857e-15	 2.167832e-12	-7.532077e-12	 1.709585e-12	 1.471123e-13	 1.117145e-13	 2.062150e-10	-1.888932e-13	-1.386024e-15	 1.022829e-20	 1.806177e-12	-3.919856e-15	-5.077534e-11	 6.557094e-11	 1.885886e-13	-8.860587e-13	-3.417356e-24	
-4.019684e-07	 3.763837e-05	-4.562126e-05	 8.461627e-04	-2.720738e-05	 3.764387e-04	 7.815607e-04	 2.796783e-04	 9.576407e-04	 2.226527e-05	 3.713655e-02	-1.162087e-04	-1.810450e-07	 1.806177e-12	 4.413941e-04	-1.982608e-08	-4.597730e-03	-1.209300e-02	 1.161681e-04	 8.794559e-05	-8.413953e-16	
 1.828028e-07	 9.806753e-07	 1.430001e-05	-1.884919e-06	 3.838187e-06	 1.437248e-06	 1.221754e-04	-2.208105e-05	-7.337946e-06	-6.179965e-08	 1.214182e-04	 9.468398e-06	 7.606911e-08	-3.919856e-15	-1.982608e-08	 5.469931e-07	 1.428674e-03	-9.638517e-04	-9.458913e-06	 1.399224e-05	 1.476211e-17	
 1.389786e-03	 9.441528e-03	 1.049584e-01	-2.419796e-02	 2.495018e-02	 6.971020e-03	 1.039394e+00	-1.882134e-01	-5.246562e-02	 2.126964e-04	 5.780642e-01	 6.450995e-02	 5.789832e-04	-5.077534e-11	-4.597730e-03	 1.428674e-03	 1.048421e+01	-8.304684e+00	-6.447465e-02	 1.190553e-01	 8.448919e-14	
-1.080616e-03	-1.735452e-02	-8.312749e-02	 3.071144e-02	-1.004299e-02	 3.134873e-03	-1.131243e+00	 1.324541e-01	-1.497494e-01	-3.329030e-04	 1.605919e-01	-3.095943e-02	-4.517184e-04	 6.557094e-11	-1.209300e-02	-9.638517e-04	-8.304684e+00	 1.035987e+01	 3.092960e-02	-1.302872e-01	-3.221619e-14	
-8.808710e-06	-4.766235e-06	-6.456128e-04	 9.273773e-05	-2.060162e-04	-8.670663e-05	-4.727368e-03	 1.125609e-03	 9.932269e-04	-2.460342e-07	-6.588665e-03	-5.085203e-04	-3.666846e-06	 1.885886e-13	 1.161681e-04	-9.458913e-06	-6.447465e-02	 3.092960e-02	 5.083297e-04	-5.406025e-04	-7.050117e-16	
 1.461310e-05	 2.026219e-04	 1.191735e-03	-4.161932e-04	 1.901782e-04	-1.258073e-05	 1.487451e-02	-1.962011e-03	 1.369921e-03	 3.289822e-06	 1.124128e-04	 5.409965e-04	 6.108503e-06	-8.860587e-13	 8.794559e-05	 1.399224e-05	 1.190553e-01	-1.302872e-01	-5.406025e-04	 1.712412e-03	 6.121276e-16	
 1.261607e-17	-2.107559e-17	 8.403455e-16	-1.573693e-15	 1.806273e-16	-7.058396e-16	 5.144128e-15	-1.060506e-15	 3.692713e-15	 6.784463e-17	-6.760216e-14	 7.092677e-16	 5.281533e-18	-3.417356e-24	-8.413953e-16	 1.476211e-17	 8.448919e-14	-3.221619e-14	-7.050117e-16	 6.121276e-16	 1.726327e-26	
