#          omega_b,        omega_cdm,                h,     ln10^{10}A_s,              n_s,         tau_reio,  delta_Neff_drmd,       f_idm_drmd,      log10z_stop,         A_planck,           z_reio,     Omega_Lambda,              YHe,              A_s,           sigma8,      100*theta_s,               H0,             rs_d,          Omega_m,           f_drmd,       z_dec_drmd
 2.198753e-07	 5.364369e-07	 1.148514e-05	 8.182677e-07	 3.038725e-06	 2.409304e-06	 9.339666e-05	-1.077148e-05	 2.181965e-05	-4.353054e-08	 2.071403e-04	 8.100361e-06	 9.157772e-08	 1.753359e-15	-2.574835e-07	 1.483086e-07	 1.146738e-03	-7.784933e-04	-8.111104e-06	 1.090848e-05	 7.804271e-18	
 5.364369e-07	 2.592977e-05	 5.186114e-05	-4.115704e-05	-6.530981e-06	-1.650525e-05	 1.175996e-03	-1.542263e-04	 4.190779e-04	 1.546262e-07	-1.337630e-03	-1.202888e-05	 2.244687e-07	-8.591824e-14	 3.105545e-05	 5.395636e-07	 5.201348e-03	-1.219548e-02	 1.196696e-05	 1.380137e-04	-7.268614e-17	
 1.148514e-05	 5.186114e-05	 8.455452e-04	-2.582867e-05	 2.228565e-04	 1.543597e-04	 7.614236e-03	-7.876458e-04	 1.485707e-03	-2.487225e-06	 1.424192e-02	 5.780559e-04	 4.794274e-06	-5.328954e-14	-1.655163e-05	 1.148759e-05	 8.449100e-02	-5.868624e-02	-5.786567e-04	 8.882756e-04	 2.456431e-16	
 8.182677e-07	-4.115704e-05	-2.582867e-05	 1.937903e-03	 6.563902e-05	 9.443424e-04	-1.559265e-03	 1.156217e-03	 2.097330e-03	 2.098066e-05	 9.328261e-02	 5.770676e-05	 2.906091e-07	 4.063384e-12	 7.211334e-04	 6.299513e-07	-3.075595e-03	 1.577430e-02	-5.812921e-05	-1.794123e-04	 1.003481e-15	
 3.038725e-06	-6.530981e-06	 2.228565e-04	 6.563902e-05	 1.236888e-04	 8.880000e-05	 1.384659e-03	 1.185915e-05	 7.407858e-05	-1.291392e-06	 8.281116e-03	 1.948936e-04	 1.262542e-06	 1.354962e-13	-1.897246e-06	 3.286521e-06	 2.223167e-02	-7.756183e-03	-1.949862e-04	 1.612399e-04	 2.350486e-16	
 2.409304e-06	-1.650525e-05	 1.543597e-04	 9.443424e-04	 8.880000e-05	 5.332938e-04	 5.704531e-04	 3.686351e-04	 1.650419e-03	-2.262698e-05	 5.231484e-02	 1.564429e-04	 9.739767e-07	 1.980660e-12	 3.383209e-04	 2.280648e-06	 1.515737e-02	-1.231862e-03	-1.569474e-04	 6.737829e-05	 8.477880e-16	
 9.339666e-05	 1.175996e-03	 7.614236e-03	-1.559265e-03	 1.384659e-03	 5.704531e-04	 9.136706e-02	-1.036791e-02	 2.332265e-02	-1.108512e-05	 5.959810e-02	 3.734408e-03	 3.900509e-05	-3.254916e-12	 8.043492e-04	 8.811178e-05	 7.614487e-01	-7.942665e-01	-3.741572e-03	 1.068020e-02	-5.665289e-16	
-1.077148e-05	-1.542263e-04	-7.876458e-04	 1.156217e-03	 1.185915e-05	 3.686351e-04	-1.036791e-02	 6.497197e-02	-5.886967e-02	 9.743419e-05	 3.379577e-02	-3.152364e-04	-4.630294e-06	 2.441263e-12	 3.040079e-04	-1.055453e-05	-7.949098e-02	 9.216687e-02	 3.126428e-04	-1.132214e-03	 1.613361e-14	
 2.181965e-05	 4.190779e-04	 1.485707e-03	 2.097330e-03	 7.407858e-05	 1.650419e-03	 2.332265e-02	-5.886967e-02	 7.435425e-01	-3.383723e-04	 1.560228e-01	 4.491172e-04	 9.102981e-06	 4.492522e-12	 1.557391e-03	 1.693441e-05	 1.501053e-01	-2.456716e-01	-4.376973e-04	 2.988447e-03	-1.106802e-14	
-4.353054e-08	 1.546262e-07	-2.487225e-06	 2.098066e-05	-1.291392e-06	-2.262698e-05	-1.108512e-05	 9.743419e-05	-3.383723e-04	 3.233232e-05	-2.104184e-03	-2.017630e-06	-1.263775e-08	 4.323119e-14	 8.930639e-06	-7.874220e-08	-2.353862e-04	 6.339225e-05	 2.143972e-06	-9.604551e-07	-2.507530e-16	
 2.071403e-04	-1.337630e-03	 1.424192e-02	 9.328261e-02	 8.281116e-03	 5.231484e-02	 5.959810e-02	 3.379577e-02	 1.560228e-01	-2.104184e-03	 5.201552e+00	 1.409891e-02	 8.367793e-05	 1.951376e-10	 3.419908e-02	 2.091096e-04	 1.400761e+00	-1.741884e-01	-1.414544e-02	 7.003782e-03	 5.851485e-14	
 8.100361e-06	-1.202888e-05	 5.780559e-04	 5.770676e-05	 1.948936e-04	 1.564429e-04	 3.734408e-03	-3.152364e-04	 4.491172e-04	-2.017630e-06	 1.409891e-02	 4.974064e-04	 3.385678e-06	 1.210772e-13	-8.063636e-05	 8.282037e-06	 5.772327e-02	-2.212240e-02	-4.977347e-04	 4.348182e-04	 2.963271e-16	
 9.157772e-08	 2.244687e-07	 4.794274e-06	 2.906091e-07	 1.262542e-06	 9.739767e-07	 3.900509e-05	-4.630294e-06	 9.102981e-06	-1.263775e-08	 8.367793e-05	 3.385678e-06	 3.816558e-08	 6.229157e-16	-1.271672e-07	 6.265005e-08	 4.787081e-04	-3.249697e-04	-3.390039e-06	 4.556599e-06	 2.890620e-18	
 1.753359e-15	-8.591824e-14	-5.328954e-14	 4.063384e-12	 1.354962e-13	 1.980660e-12	-3.254916e-12	 2.441263e-12	 4.492522e-12	 4.323119e-14	 1.951376e-10	 1.210772e-13	 6.229157e-16	 8.527535e-21	 1.512711e-12	 1.386342e-15	-6.368962e-12	 3.288972e-11	-1.219327e-13	-3.745072e-13	 2.262779e-24	
-2.574835e-07	 3.105545e-05	-1.655163e-05	 7.211334e-04	-1.897246e-06	 3.383209e-04	 8.043492e-04	 3.040079e-04	 1.557391e-03	 8.930639e-06	 3.419908e-02	-8.063636e-05	-1.271672e-07	 1.512711e-12	 3.750611e-04	 5.231490e-07	-1.825397e-03	-1.120983e-02	 8.049002e-05	 9.709590e-05	 2.239138e-16	
 1.483086e-07	 5.395636e-07	 1.148759e-05	 6.299513e-07	 3.286521e-06	 2.280648e-06	 8.811178e-05	-1.055453e-05	 1.693441e-05	-7.874220e-08	 2.091096e-04	 8.282037e-06	 6.265005e-08	 1.386342e-15	 5.231490e-07	 5.182316e-07	 1.149049e-03	-6.840005e-04	-8.250198e-06	 1.032800e-05	-7.693484e-18	
 1.146738e-03	 5.201348e-03	 8.449100e-02	-3.075595e-03	 2.223167e-02	 1.515737e-02	 7.614487e-01	-7.949098e-02	 1.501053e-01	-2.353862e-04	 1.400761e+00	 5.772327e-02	 4.787081e-04	-6.368962e-12	-1.825397e-03	 1.149049e-03	 8.444239e+00	-5.870136e+00	-5.778080e-02	 8.882752e-02	 2.225581e-14	
-7.784933e-04	-1.219548e-02	-5.868624e-02	 1.577430e-02	-7.756183e-03	-1.231862e-03	-7.942665e-01	 9.216687e-02	-2.456716e-01	 6.339225e-05	-1.741884e-01	-2.212240e-02	-3.249697e-04	 3.288972e-11	-1.120983e-02	-6.840005e-04	-5.870136e+00	 7.366308e+00	 2.218362e-02	-9.310835e-02	 1.160822e-14	
-8.111104e-06	 1.196696e-05	-5.786567e-04	-5.812921e-05	-1.949862e-04	-1.569474e-04	-3.741572e-03	 3.126428e-04	-4.376973e-04	 2.143972e-06	-1.414544e-02	-4.977347e-04	-3.390039e-06	-1.219327e-13	 8.049002e-05	-8.250198e-06	-5.778080e-02	 2.218362e-02	 4.980924e-04	-4.356792e-04	-2.946914e-16	
 1.090848e-05	 1.380137e-04	 8.882756e-04	-1.794123e-04	 1.612399e-04	 6.737829e-05	 1.068020e-02	-1.132214e-03	 2.988447e-03	-9.604551e-07	 7.003782e-03	 4.348182e-04	 4.556599e-06	-3.745072e-13	 9.709590e-05	 1.032800e-05	 8.882752e-02	-9.310835e-02	-4.356792e-04	 1.251290e-03	-5.333119e-17	
 7.804271e-18	-7.268614e-17	 2.456431e-16	 1.003481e-15	 2.350486e-16	 8.477880e-16	-5.665289e-16	 1.613361e-14	-1.106802e-14	-2.507530e-16	 5.851485e-14	 2.963271e-16	 2.890620e-18	 2.262779e-24	 2.239138e-16	-7.693484e-18	 2.225581e-14	 1.160822e-14	-2.946914e-16	-5.333119e-17	 8.455610e-26	
