#          omega_b,        omega_cdm,                h,     ln10^{10}A_s,              n_s,         tau_reio,  delta_Neff_drmd,       f_idm_drmd,      log10z_stop, log10_G_over_aH_drmd,         A_planck,           z_reio,     Omega_Lambda,              YHe,              A_s,           sigma8,      100*theta_s,               H0,             rs_d,          Omega_m,           f_drmd,       z_dec_drmd
 1.858981e-07	 3.637824e-07	 8.455740e-06	-1.975527e-06	 1.546576e-06	 3.980016e-07	 6.675927e-05	 8.937750e-08	-2.939988e-06	-4.012047e-04	 1.313243e-07	 2.863741e-06	 6.151273e-06	 7.667624e-08	-4.182917e-15	-1.305105e-06	 8.444240e-08	 8.436252e-04	-5.590246e-04	-6.111068e-06	 7.361991e-06	 4.961691e-02	
 3.637824e-07	 3.689592e-05	-9.162192e-06	 2.550660e-05	 1.278826e-06	-1.087457e-05	 9.072733e-04	 1.200185e-04	 7.840392e-04	 3.593894e-03	-1.184789e-06	-4.846541e-04	-8.369907e-05	 1.780090e-07	 6.033924e-14	-1.984070e-05	 1.911872e-06	-9.792739e-04	-1.278926e-02	 8.302555e-05	 1.016993e-04	 1.695778e+00	
 8.455740e-06	-9.162192e-06	 5.788202e-04	-2.526284e-04	 1.090408e-04	 1.447144e-05	 3.969444e-03	-1.688874e-04	-1.206195e-03	-2.200277e-02	 7.872869e-06	-5.587786e-04	 4.970829e-04	 3.545324e-06	-5.442536e-13	-5.794605e-05	 4.401978e-06	 5.768601e-02	-2.373292e-02	-4.952996e-04	 4.391610e-04	-7.936351e-01	
-1.975527e-06	 2.550660e-05	-2.526284e-04	 9.436023e-04	 1.716188e-05	 3.120487e-04	-1.404002e-03	 2.290955e-04	-2.448715e-03	-5.040265e-03	 4.599500e-05	 3.070682e-02	-2.619320e-04	-9.302015e-07	 2.033182e-12	 2.420509e-04	 4.636508e-06	-2.494574e-02	 2.810454e-03	 2.617486e-04	-1.617577e-04	-5.057783e+00	
 1.546576e-06	 1.278826e-06	 1.090408e-04	 1.716188e-05	 1.084303e-04	 2.736357e-05	 7.423331e-04	 6.473052e-05	-8.320179e-04	-2.347702e-03	-3.232267e-07	 2.272820e-03	 8.685214e-05	 6.416111e-07	 3.736502e-14	-5.890651e-05	 3.971238e-06	 1.085449e-02	-4.892030e-03	-8.768403e-05	 8.031412e-05	-2.503939e+00	
 3.980016e-07	-1.087457e-05	 1.447144e-05	 3.120487e-04	 2.736357e-05	 1.613695e-04	-2.361479e-04	-2.537976e-05	-2.001642e-03	-9.230932e-03	-1.742663e-06	 1.518856e-02	 3.403877e-05	 9.927794e-08	 6.703600e-13	 1.115762e-04	 1.072665e-06	 1.575733e-03	 3.404133e-03	-3.345577e-05	-2.955884e-05	-3.404029e+00	
 6.675927e-05	 9.072733e-04	 3.969444e-03	-1.404002e-03	 7.423331e-04	-2.361479e-04	 5.372804e-02	 1.676099e-03	 1.334871e-02	-5.099645e-02	 3.205388e-05	-2.099344e-02	 1.415866e-03	 2.880843e-05	-2.877602e-12	-8.186216e-04	 6.546531e-05	 3.937542e-01	-5.101615e-01	-1.420447e-03	 5.983328e-03	 4.158009e+01	
 8.937750e-08	 1.200185e-04	-1.688874e-04	 2.290955e-04	 6.473052e-05	-2.537976e-05	 1.676099e-03	 6.855531e-04	 2.230051e-03	 8.608137e-03	-1.000624e-05	-4.237016e-04	-3.907820e-04	 6.866847e-08	 5.034187e-13	-2.405891e-04	 1.103066e-05	-1.702468e-02	-3.466959e-02	 3.870076e-04	 1.856301e-04	 5.132281e+00	
-2.939988e-06	 7.840392e-04	-1.206195e-03	-2.448715e-03	-8.320179e-04	-2.001642e-03	 1.334871e-02	 2.230051e-03	 9.886544e-02	 4.677774e-01	 9.065729e-05	-1.758517e-01	-2.566895e-03	-2.881547e-07	-5.181813e-12	-5.116759e-04	-3.845532e-05	-1.224937e-01	-2.347593e-01	 2.568640e-03	 1.499083e-03	 1.578764e+02	
-4.012047e-04	 3.593894e-03	-2.200277e-02	-5.040265e-03	-2.347702e-03	-9.230932e-03	-5.099645e-02	 8.608137e-03	 4.677774e-01	 7.891956e+00	 4.284168e-04	-7.452422e-01	-2.508890e-02	-1.572127e-04	-8.459106e-12	-1.511572e-03	-3.819361e-04	-2.233307e+00	-1.774044e-01	 2.457279e-02	-5.339631e-03	-2.235230e+02	
 1.313243e-07	-1.184789e-06	 7.872869e-06	 4.599500e-05	-3.232267e-07	-1.742663e-06	 3.205388e-05	-1.000624e-05	 9.065729e-05	 4.284168e-04	 2.771576e-05	-2.388968e-04	 9.619485e-06	 6.607901e-08	 9.942744e-14	 2.451466e-05	-2.579501e-07	 7.924237e-04	-3.029971e-05	-9.390273e-06	 3.718827e-06	-3.426278e-02	
 2.863741e-06	-4.846541e-04	-5.587786e-04	 3.070682e-02	 2.272820e-03	 1.518856e-02	-2.099344e-02	-4.237016e-04	-1.758517e-01	-7.452422e-01	-2.388968e-04	 1.450710e+00	 5.133312e-04	-4.643010e-06	 6.597525e-11	 1.066179e-02	 1.183845e-04	-4.403887e-02	 2.252845e-01	-4.801290e-04	-2.619634e-03	-3.048347e+02	
 6.151273e-06	-8.369907e-05	 4.970829e-04	-2.619320e-04	 8.685214e-05	 3.403877e-05	 1.415866e-03	-3.907820e-04	-2.566895e-03	-2.508890e-02	 9.619485e-06	 5.133312e-04	 5.862369e-04	 2.532263e-06	-5.750373e-13	-3.853854e-06	-2.303902e-07	 4.967794e-02	 6.837158e-03	-5.832863e-04	 1.543784e-04	-4.131350e+00	
 7.667624e-08	 1.780090e-07	 3.545324e-06	-9.302015e-07	 6.416111e-07	 9.927794e-08	 2.880843e-05	 6.866847e-08	-2.881547e-07	-1.572127e-04	 6.607901e-08	-4.643010e-06	 2.532263e-06	 3.178139e-08	-1.967684e-15	-5.744891e-07	 3.601183e-08	 3.535680e-04	-2.429261e-04	-2.516599e-06	 3.184366e-06	 1.965658e-02	
-4.182917e-15	 6.033924e-14	-5.442536e-13	 2.033182e-12	 3.736502e-14	 6.703600e-13	-2.877602e-12	 5.034187e-13	-5.181813e-12	-8.459106e-12	 9.942744e-14	 6.597525e-11	-5.750373e-13	-1.967684e-15	 4.386329e-21	 5.213806e-13	 1.003553e-14	-5.377023e-11	 4.113798e-12	 5.743918e-13	-3.317536e-13	-1.086388e-08	
-1.305105e-06	-1.984070e-05	-5.794605e-05	 2.420509e-04	-5.890651e-05	 1.115762e-04	-8.186216e-04	-2.405891e-04	-5.116759e-04	-1.511572e-03	 2.451466e-05	 1.066179e-02	-3.853854e-06	-5.744891e-07	 5.213806e-13	 2.923716e-04	-4.413051e-06	-5.611478e-03	 9.466568e-03	 5.754465e-06	-9.217047e-05	-9.701504e-01	
 8.444240e-08	 1.911872e-06	 4.401978e-06	 4.636508e-06	 3.971238e-06	 1.072665e-06	 6.546531e-05	 1.103066e-05	-3.845532e-05	-3.819361e-04	-2.579501e-07	 1.183845e-04	-2.303902e-07	 3.601183e-08	 1.003553e-14	-4.413051e-06	 7.310083e-07	 4.358542e-04	-8.060921e-04	 1.581508e-07	 7.249901e-06	-8.814269e-02	
 8.436252e-04	-9.792739e-04	 5.768601e-02	-2.494574e-02	 1.085449e-02	 1.575733e-03	 3.937542e-01	-1.702468e-02	-1.224937e-01	-2.233307e+00	 7.924237e-04	-4.403887e-02	 4.967794e-02	 3.535680e-04	-5.377023e-11	-5.611478e-03	 4.358542e-04	 5.749760e+00	-2.342772e+00	-4.949469e-02	 4.355467e-02	-7.847310e+01	
-5.590246e-04	-1.278926e-02	-2.373292e-02	 2.810454e-03	-4.892030e-03	 3.404133e-03	-5.101615e-01	-3.466959e-02	-2.347593e-01	-1.774044e-01	-3.029971e-05	 2.252845e-01	 6.837158e-03	-2.429261e-04	 4.113798e-12	 9.466568e-03	-8.060921e-04	-2.342772e+00	 5.727078e+00	-6.699449e-03	-5.694493e-02	-6.169484e+02	
-6.111068e-06	 8.302555e-05	-4.952996e-04	 2.617486e-04	-8.768403e-05	-3.345577e-05	-1.420447e-03	 3.870076e-04	 2.568640e-03	 2.457279e-02	-9.390273e-06	-4.801290e-04	-5.832863e-04	-2.516599e-06	 5.743918e-13	 5.754465e-06	 1.581508e-07	-4.949469e-02	-6.699449e-03	 5.804791e-04	-1.549243e-04	 4.224737e+00	
 7.361991e-06	 1.016993e-04	 4.391610e-04	-1.617577e-04	 8.031412e-05	-2.955884e-05	 5.983328e-03	 1.856301e-04	 1.499083e-03	-5.339631e-03	 3.718827e-06	-2.619634e-03	 1.543784e-04	 3.184366e-06	-3.317536e-13	-9.217047e-05	 7.249901e-06	 4.355467e-02	-5.694493e-02	-1.549243e-04	 6.674560e-04	 4.574754e+00	
 4.961691e-02	 1.695778e+00	-7.936351e-01	-5.057783e+00	-2.503939e+00	-3.404029e+00	 4.158009e+01	 5.132281e+00	 1.578764e+02	-2.235230e+02	-3.426278e-02	-3.048347e+02	-4.131350e+00	 1.965658e-02	-1.086388e-08	-9.701504e-01	-8.814269e-02	-7.847310e+01	-6.169484e+02	 4.224737e+00	 4.574754e+00	 5.271046e+05	
