#          omega_b,        omega_cdm,                h,     ln10^{10}A_s,              n_s,         tau_reio,  delta_Neff_drmd,       f_idm_drmd,      log10z_stop, log10_G_over_aH_drmd,         A_planck,           z_reio,     Omega_Lambda,              YHe,              A_s,           sigma8,      100*theta_s,               H0,             rs_d,          Omega_m,           f_drmd,       z_dec_drmd
 1.352971e-05	-3.685894e-05	 9.457890e-05	-3.683794e-05	-1.037798e-05	-1.260048e-05	-3.911939e-04	-4.618002e-04	-4.740392e-04	-6.560915e-04	 1.571486e-05	-1.959521e-03	 1.840411e-04	 5.081514e-06	-8.212074e-14	 2.876604e-04	-2.601073e-05	 1.458848e-02	-1.345385e-03	-1.924734e-04	 6.636434e-06	-3.041731e-02	
-3.685894e-05	 3.594701e-04	-9.313594e-04	 3.176216e-04	-2.414261e-04	-1.034079e-05	 4.485907e-04	 7.879299e-04	 5.413431e-04	-1.303822e-03	 7.826449e-05	-1.381638e-02	-1.522151e-03	-1.310561e-05	 9.649084e-13	-3.570605e-04	 1.339251e-04	-1.083453e-01	-5.080724e-02	 1.435644e-03	-1.918249e-05	-1.945166e-01	
 9.457890e-05	-9.313594e-04	 9.438446e-03	 2.592256e-03	-2.543685e-04	 2.790740e-04	 6.628104e-03	 1.098159e-03	-1.026948e-02	 2.301505e-02	-1.467016e-04	 1.426581e-02	 9.224122e-03	 4.398061e-05	 1.365567e-13	 3.189249e-03	 1.232755e-03	 9.790023e-01	 5.156162e-02	-8.658948e-03	-5.614421e-05	-1.655935e-01	
-3.683794e-05	 3.176216e-04	 2.592256e-03	 2.151417e-02	-2.019542e-03	 3.557339e-03	 2.046841e-03	 4.438757e-03	-5.880603e-03	 2.158366e-02	 2.898195e-03	 3.937168e-01	 1.400423e-03	-1.646110e-05	 3.764340e-11	 4.681941e-03	 8.424839e-04	 2.324956e-01	-5.799266e-02	-6.259486e-04	-2.419123e-05	 2.672719e-01	
-1.037798e-05	-2.414261e-04	-2.543685e-04	-2.019542e-03	 4.392393e-03	-5.897785e-05	 2.075108e-03	 1.285767e-03	 7.699733e-03	 1.605057e-02	 2.414328e-05	 3.341997e-02	 2.650126e-04	-2.809966e-06	-4.101121e-12	-4.314612e-03	-2.524410e-04	-3.178730e-02	 5.397674e-02	-4.834066e-05	 2.379510e-04	-3.937836e-01	
-1.260048e-05	-1.034079e-05	 2.790740e-04	 3.557339e-03	-5.897785e-05	 1.809774e-03	 1.680103e-03	 4.002815e-04	 2.422717e-03	 1.301016e-03	 2.243744e-05	 1.749187e-01	 2.011872e-04	-2.717499e-06	 7.949807e-12	 7.311804e-04	 1.792415e-05	 2.797132e-02	 2.737561e-04	-1.000933e-04	 3.480729e-05	-4.992678e-02	
-3.911939e-04	 4.485907e-04	 6.628104e-03	 2.046841e-03	 2.075108e-03	 1.680103e-03	 2.099819e-01	-1.507630e-02	 7.739327e-02	 2.200595e-01	-2.052832e-03	 6.302933e-01	-4.242927e-03	-7.295708e-05	 1.163814e-11	-2.355249e-02	-4.034426e-03	 1.150005e-01	-8.431542e-01	 1.844594e-03	 2.031093e-02	-1.171831e+00	
-4.618002e-04	 7.879299e-04	 1.098159e-03	 4.438757e-03	 1.285767e-03	 4.002815e-04	-1.507630e-02	 6.195720e-02	 2.562850e-03	-1.674139e-01	 3.276360e-04	 4.798479e-01	 3.941555e-04	-2.215398e-04	 1.928424e-11	-3.477073e-02	 2.696567e-03	 4.163594e-02	 3.037370e-01	 2.004215e-03	-4.469210e-03	 7.606856e+00	
-4.740392e-04	 5.413431e-04	-1.026948e-02	-5.880603e-03	 7.699733e-03	 2.422717e-03	 7.739327e-02	 2.562850e-03	 5.653297e-01	 4.902811e-01	-2.006303e-03	-1.833345e-01	-1.404881e-02	-1.332798e-04	-1.408240e-11	-5.198418e-03	-4.295192e-03	-1.307887e+00	-1.150116e-01	 1.231356e-02	 6.780742e-03	 3.067025e+00	
-6.560915e-04	-1.303822e-03	 2.301505e-02	 2.158366e-02	 1.605057e-02	 1.301016e-03	 2.200595e-01	-1.674139e-01	 4.902811e-01	 1.150806e+01	 2.013940e-02	-5.285797e-01	 1.434191e-02	 2.399163e-04	-7.414607e-11	 8.641702e-02	-6.011826e-03	 2.635107e+00	-1.378003e+00	-1.131103e-02	 2.686443e-02	-3.591833e+01	
 1.571486e-05	 7.826449e-05	-1.467016e-04	 2.898195e-03	 2.414328e-05	 2.243744e-05	-2.052832e-03	 3.276360e-04	-2.006303e-03	 2.013940e-02	 1.536700e-03	 3.100617e-02	-5.620687e-05	 4.329621e-06	 5.323080e-12	 1.147558e-04	 5.993700e-05	-1.267198e-02	-1.757775e-02	 1.405652e-04	-3.002192e-05	-5.346988e-02	
-1.959521e-03	-1.381638e-02	 1.426581e-02	 3.937168e-01	 3.341997e-02	 1.749187e-01	 6.302933e-01	 4.798479e-01	-1.833345e-01	-5.285797e-01	 3.100617e-02	 3.465626e+01	 4.091881e-02	-8.568974e-04	 1.285701e-09	-5.465333e-01	-2.321750e-02	 9.674588e-01	 1.167970e+00	-2.409821e-02	 6.890562e-02	 9.413488e+01	
 1.840411e-04	-1.522151e-03	 9.224122e-03	 1.400423e-03	 2.650126e-04	 2.011872e-04	-4.242927e-03	 3.941555e-04	-1.404881e-02	 1.434191e-02	-5.620687e-05	 4.091881e-02	 1.101398e-02	 7.104472e-05	-7.494461e-13	 3.274873e-03	 8.392796e-04	 1.019742e+00	 1.706742e-01	-1.029056e-02	-7.550215e-04	 3.849366e-01	
 5.081514e-06	-1.310561e-05	 4.398061e-05	-1.646110e-05	-2.809966e-06	-2.717499e-06	-7.295708e-05	-2.215398e-04	-1.332798e-04	 2.399163e-04	 4.329621e-06	-8.568974e-04	 7.104472e-05	 2.057749e-06	-4.555433e-14	 1.183715e-04	-9.778144e-06	 6.304858e-03	-1.248520e-03	-7.730645e-05	 1.040677e-05	-2.090385e-02	
-8.212074e-14	 9.649084e-13	 1.365567e-13	 3.764340e-11	-4.101121e-12	 7.949807e-12	 1.163814e-11	 1.928424e-11	-1.408240e-11	-7.414607e-11	 5.323080e-12	 1.285701e-09	-7.494461e-13	-4.555433e-14	 1.019737e-19	-1.171260e-11	 6.078827e-13	 3.503402e-11	-2.333861e-10	 8.801173e-13	 1.994451e-12	 3.260758e-09	
 2.876604e-04	-3.570605e-04	 3.189249e-03	 4.681941e-03	-4.314612e-03	 7.311804e-04	-2.355249e-02	-3.477073e-02	-5.198418e-03	 8.641702e-02	 1.147558e-04	-5.465333e-01	 3.274873e-03	 1.183715e-04	-1.171260e-11	 5.185387e-02	 3.898982e-04	 4.185259e-01	-5.746331e-02	-2.846277e-03	-2.228122e-03	-4.352068e+00	
-2.601073e-05	 1.339251e-04	 1.232755e-03	 8.424839e-04	-2.524410e-04	 1.792415e-05	-4.034426e-03	 2.696567e-03	-4.295192e-03	-6.011826e-03	 5.993700e-05	-2.321750e-02	 8.392796e-04	-9.778144e-06	 6.078827e-13	 3.898982e-04	 6.487749e-04	 1.238695e-01	 3.522438e-03	-6.698910e-04	-7.338789e-04	-1.013224e-01	
 1.458848e-02	-1.083453e-01	 9.790023e-01	 2.324956e-01	-3.178730e-02	 2.797132e-02	 1.150005e-01	 4.163594e-02	-1.307887e+00	 2.635107e+00	-1.267198e-02	 9.674588e-01	 1.019742e+00	 6.304858e-03	 3.503402e-11	 4.185259e-01	 1.238695e-01	 1.067802e+02	 6.126267e+00	-9.618473e-01	-4.405386e-02	-1.144490e+01	
-1.345385e-03	-5.080724e-02	 5.156162e-02	-5.799266e-02	 5.397674e-02	 2.737561e-04	-8.431542e-01	 3.037370e-01	-1.150116e-01	-1.378003e+00	-1.757775e-02	 1.167970e+00	 1.706742e-01	-1.248520e-03	-2.333861e-10	-5.746331e-02	 3.522438e-03	 6.126267e+00	 1.778543e+01	-1.305992e-01	-1.051988e-01	 8.277900e+01	
-1.924734e-04	 1.435644e-03	-8.658948e-03	-6.259486e-04	-4.834066e-05	-1.000933e-04	 1.844594e-03	 2.004215e-03	 1.231356e-02	-1.131103e-02	 1.405652e-04	-2.409821e-02	-1.029056e-02	-7.730645e-05	 8.801173e-13	-2.846277e-03	-6.698910e-04	-9.618473e-01	-1.305992e-01	 9.941328e-03	 2.975415e-04	-1.148264e-01	
 6.636434e-06	-1.918249e-05	-5.614421e-05	-2.419123e-05	 2.379510e-04	 3.480729e-05	 2.031093e-02	-4.469210e-03	 6.780742e-03	 2.686443e-02	-3.002192e-05	 6.890562e-02	-7.550215e-04	 1.040677e-05	 1.994451e-12	-2.228122e-03	-7.338789e-04	-4.405386e-02	-1.051988e-01	 2.975415e-04	 2.429678e-03	-2.797524e-01	
-3.041731e-02	-1.945166e-01	-1.655935e-01	 2.672719e-01	-3.937836e-01	-4.992678e-02	-1.171831e+00	 7.606856e+00	 3.067025e+00	-3.591833e+01	-5.346988e-02	 9.413488e+01	 3.849366e-01	-2.090385e-02	 3.260758e-09	-4.352068e+00	-1.013224e-01	-1.144490e+01	 8.277900e+01	-1.148264e-01	-2.797524e-01	 1.921768e+03	
