#          omega_b,        omega_cdm,                h,     ln10^{10}A_s,              n_s,         tau_reio,  delta_Neff_drmd,       f_idm_drmd,      log10z_stop,         A_planck,           z_reio,     Omega_Lambda,              YHe,              A_s,           sigma8,      100*theta_s,               H0,             rs_d,          Omega_m,           f_drmd,       z_dec_drmd
 2.166782e-07	 9.801883e-07	 1.210532e-05	-1.786186e-06	 2.738512e-06	 9.314828e-07	 1.124744e-04	 4.303125e-05	-8.279435e-06	 1.539527e-07	 7.239075e-05	 7.695642e-06	 8.964159e-08	-3.709960e-15	-5.243137e-07	 1.518833e-07	 1.209071e-03	-9.595951e-04	-7.694859e-06	 1.294762e-05	-1.404777e-18	
 9.801883e-07	 3.408468e-05	 8.761542e-05	-6.718263e-05	-2.489523e-06	-2.609527e-05	 1.686991e-03	 4.545994e-04	-4.826915e-04	 1.474424e-06	-2.204272e-03	 1.664422e-06	 4.063287e-07	-1.407998e-13	 3.196293e-05	 9.963408e-07	 8.759933e-03	-1.668950e-02	-1.612127e-06	 1.933734e-04	 7.428140e-17	
 1.210532e-05	 8.761542e-05	 9.030326e-04	-1.738982e-04	 2.015410e-04	 6.206960e-05	 9.145562e-03	 3.155300e-03	-5.046191e-04	 1.425599e-05	 5.959371e-03	 5.497604e-04	 5.017533e-06	-3.608352e-13	-1.559497e-05	 1.182311e-05	 9.021786e-02	-7.402244e-02	-5.495272e-04	 1.050182e-03	 1.384538e-16	
-1.786186e-06	-6.718263e-05	-1.738982e-04	 1.785487e-03	 4.859105e-05	 7.959458e-04	-3.373516e-03	-5.575248e-05	 2.614219e-03	 7.341207e-05	 7.941468e-02	-3.026546e-06	-7.539620e-07	 3.760214e-12	 6.273665e-04	-1.071089e-06	-1.733309e-02	 3.346962e-02	 2.800993e-06	-3.925111e-04	 3.321220e-16	
 2.738512e-06	-2.489523e-06	 2.015410e-04	 4.859105e-05	 1.113141e-04	 6.715286e-05	 1.363591e-03	 6.886325e-04	 7.949468e-04	 5.344493e-06	 6.379492e-03	 1.675189e-04	 1.132148e-06	 1.024865e-13	 1.083224e-06	 2.785267e-06	 2.012565e-02	-8.122019e-03	-1.675290e-04	 1.547805e-04	 2.186772e-17	
 9.314828e-07	-2.609527e-05	 6.206960e-05	 7.959458e-04	 6.715286e-05	 4.122285e-04	-3.652640e-04	 3.940979e-04	 3.025378e-04	 7.782553e-06	 4.105056e-02	 1.032270e-04	 3.799866e-07	 1.679334e-12	 2.696472e-04	 1.065568e-06	 6.222850e-03	 7.188406e-03	-1.033646e-04	-4.418872e-05	 1.754001e-16	
 1.124744e-04	 1.686991e-03	 9.145562e-03	-3.373516e-03	 1.363591e-03	-3.652640e-04	 1.182596e-01	 3.653616e-02	-1.811141e-02	 1.514841e-04	-2.459828e-02	 3.958676e-03	 4.663700e-05	-7.039514e-12	 8.638958e-04	 1.047844e-04	 9.139172e-01	-1.045142e+00	-3.955053e-03	 1.356388e-02	 3.225086e-15	
 4.303125e-05	 4.545994e-04	 3.155300e-03	-5.575248e-05	 6.886325e-04	 3.940979e-04	 3.653616e-02	 8.543819e-02	 1.241043e-02	 1.414934e-04	 3.740991e-02	 1.681654e-03	 1.791072e-05	-6.172645e-14	 5.101442e-04	 3.687266e-05	 3.152653e-01	-3.194726e-01	-1.678388e-03	 4.293573e-03	-3.043427e-15	
-8.279435e-06	-4.826915e-04	-5.046191e-04	 2.614219e-03	 7.949468e-04	 3.025378e-04	-1.811141e-02	 1.241043e-02	 1.005133e+00	 1.196432e-03	 3.315947e-02	 7.261553e-04	-2.960705e-06	 5.396741e-12	 2.830139e-04	-8.419582e-06	-4.982058e-02	 2.022920e-01	-7.100099e-04	-1.968296e-03	-3.698481e-15	
 1.539527e-07	 1.474424e-06	 1.425599e-05	 7.341207e-05	 5.344493e-06	 7.782553e-06	 1.514841e-04	 1.414934e-04	 1.196432e-03	 3.212719e-05	 7.749905e-04	 9.053620e-06	 6.421724e-08	 1.527645e-13	 3.159263e-05	 1.488314e-07	 1.420893e-03	-1.166380e-03	-8.983669e-06	 1.734474e-05	 1.069980e-18	
 7.239075e-05	-2.204272e-03	 5.959371e-03	 7.941468e-02	 6.379492e-03	 4.105056e-02	-2.459828e-02	 3.740991e-02	 3.315947e-02	 7.749905e-04	 4.147244e+00	 9.327060e-03	 2.950673e-05	 1.669237e-10	 2.782799e-02	 1.053413e-04	 5.978812e-01	 5.853249e-01	-9.338909e-03	-2.985605e-03	 1.234779e-14	
 7.695642e-06	 1.664422e-06	 5.497604e-04	-3.026546e-06	 1.675189e-04	 1.032270e-04	 3.958676e-03	 1.681654e-03	 7.261553e-04	 9.053620e-06	 9.327060e-03	 4.421597e-04	 3.194420e-06	-2.808460e-15	-7.632041e-05	 7.552489e-06	 5.490890e-02	-2.583651e-02	-4.420534e-04	 4.564745e-04	-4.670322e-17	
 8.964159e-08	 4.063287e-07	 5.017533e-06	-7.539620e-07	 1.132148e-06	 3.799866e-07	 4.663700e-05	 1.791072e-05	-2.960705e-06	 6.421724e-08	 2.950673e-05	 3.194420e-06	 3.710234e-08	-1.566821e-15	-2.225123e-07	 6.296112e-08	 5.011345e-04	-3.980023e-04	-3.194111e-06	 5.375434e-06	-5.888431e-19	
-3.709960e-15	-1.407998e-13	-3.608352e-13	 3.760214e-12	 1.024865e-13	 1.679334e-12	-7.039514e-12	-6.172645e-14	 5.396741e-12	 1.527645e-13	 1.669237e-10	-2.808460e-15	-1.566821e-15	 7.930991e-21	 1.322000e-12	-2.288844e-15	-3.596568e-11	 7.006999e-11	 2.287411e-15	-8.204171e-13	 8.003071e-25	
-5.243137e-07	 3.196293e-05	-1.559497e-05	 6.273665e-04	 1.083224e-06	 2.696472e-04	 8.638958e-04	 5.101442e-04	 2.830139e-04	 3.159263e-05	 2.782799e-02	-7.632041e-05	-2.225123e-07	 1.322000e-12	 3.387716e-04	 6.135344e-07	-1.528643e-03	-1.078642e-02	 7.628259e-05	 9.628404e-05	 3.124515e-16	
 1.518833e-07	 9.963408e-07	 1.182311e-05	-1.071089e-06	 2.785267e-06	 1.065568e-06	 1.047844e-04	 3.687266e-05	-8.419582e-06	 1.488314e-07	 1.053413e-04	 7.552489e-06	 6.296112e-08	-2.288844e-15	 6.135344e-07	 5.170777e-07	 1.181428e-03	-8.604080e-04	-7.553472e-06	 1.205195e-05	 1.165574e-17	
 1.209071e-03	 8.759933e-03	 9.021786e-02	-1.733309e-02	 2.012565e-02	 6.222850e-03	 9.139172e-01	 3.152653e-01	-4.982058e-02	 1.420893e-03	 5.978812e-01	 5.490890e-02	 5.011345e-04	-3.596568e-11	-1.528643e-03	 1.181428e-03	 9.013366e+00	-7.397111e+00	-5.488546e-02	 1.049373e-01	 1.414839e-14	
-9.595951e-04	-1.668950e-02	-7.402244e-02	 3.346962e-02	-8.122019e-03	 7.188406e-03	-1.045142e+00	-3.194726e-01	 2.022920e-01	-1.166380e-03	 5.853249e-01	-2.583651e-02	-3.980023e-04	 7.006999e-11	-1.078642e-02	-8.604080e-04	-7.397111e+00	 9.654090e+00	 2.580845e-02	-1.202041e-01	-3.013768e-14	
-7.694859e-06	-1.612127e-06	-5.495272e-04	 2.800993e-06	-1.675290e-04	-1.033646e-04	-3.955053e-03	-1.678388e-03	-7.100099e-04	-8.983669e-06	-9.338909e-03	-4.420534e-04	-3.194111e-06	 2.287411e-15	 7.628259e-05	-7.553472e-06	-5.488546e-02	 2.580845e-02	 4.419582e-04	-4.560817e-04	 4.504699e-17	
 1.294762e-05	 1.933734e-04	 1.050182e-03	-3.925111e-04	 1.547805e-04	-4.418872e-05	 1.356388e-02	 4.293573e-03	-1.968296e-03	 1.734474e-05	-2.985605e-03	 4.564745e-04	 5.375434e-06	-8.204171e-13	 9.628404e-05	 1.205195e-05	 1.049373e-01	-1.202041e-01	-4.560817e-04	 1.561424e-03	 3.542248e-16	
-1.404777e-18	 7.428140e-17	 1.384538e-16	 3.321220e-16	 2.186772e-17	 1.754001e-16	 3.225086e-15	-3.043427e-15	-3.698481e-15	 1.069980e-18	 1.234779e-14	-4.670322e-17	-5.888431e-19	 8.003071e-25	 3.124515e-16	 1.165574e-17	 1.414839e-14	-3.013768e-14	 4.504699e-17	 3.542248e-16	 2.079993e-26	
