#          omega_b,        omega_cdm,                h,     ln10^{10}A_s,              n_s,         tau_reio,  delta_Neff_drmd,       f_idm_drmd,      log10z_stop,         A_planck,           z_reio,     Omega_Lambda,              YHe,              A_s,           sigma8,      100*theta_s,               H0,             rs_d,          Omega_m,           f_drmd,       z_dec_drmd
 2.377220e-07	 9.101365e-07	 1.331316e-05	 2.078103e-07	 3.359712e-06	 1.970504e-06	 1.191025e-04	 1.932697e-05	-5.035447e-05	 2.477193e-07	 1.634528e-04	 7.839383e-06	 9.625393e-08	 4.535695e-16	 3.634656e-08	 1.538306e-07	 1.330432e-03	-9.352155e-04	-7.834715e-06	 1.239320e-05	 2.113613e-17	
 9.101365e-07	 3.539211e-05	 9.381343e-05	-4.506275e-05	 5.722976e-07	-1.431694e-05	 1.796953e-03	 4.557596e-04	-6.135431e-04	 1.757328e-06	-9.519542e-04	 5.909625e-06	 3.741517e-07	-9.325872e-14	 3.966063e-05	 9.430675e-07	 9.375694e-03	-1.629453e-02	-5.960818e-06	 1.883628e-04	 1.731499e-16	
 1.331316e-05	 9.381343e-05	 1.032614e-03	-1.374557e-04	 2.399110e-04	 9.487241e-05	 1.038277e-02	 1.533464e-03	-2.903261e-03	 1.826680e-05	 8.356808e-03	 5.777949e-04	 5.382420e-06	-2.814271e-13	-7.103675e-06	 1.254419e-05	 1.032055e-01	-7.744043e-02	-5.778783e-04	 1.082349e-03	 1.500635e-15	
 2.078103e-07	-4.506275e-05	-1.374557e-04	 1.922603e-03	 2.803015e-05	 8.745696e-04	-2.616658e-03	-6.879121e-06	-9.620491e-04	 5.704471e-05	 8.547331e-02	-1.956105e-05	 8.764849e-08	 4.036799e-12	 7.402200e-04	 5.427168e-08	-1.367891e-02	 2.030520e-02	 2.017482e-05	-2.632533e-04	-2.196126e-15	
 3.359712e-06	 5.722976e-07	 2.399110e-04	 2.803015e-05	 1.168660e-04	 6.197698e-05	 1.732158e-03	 1.348553e-04	-1.285907e-04	 4.334087e-06	 5.463413e-03	 1.717434e-04	 1.352146e-06	 6.022102e-14	-3.454217e-06	 3.217471e-06	 2.399037e-02	-1.066339e-02	-1.717392e-04	 1.793397e-04	 5.514176e-16	
 1.970504e-06	-1.431694e-05	 9.487241e-05	 8.745696e-04	 6.197698e-05	 4.543525e-04	 1.668890e-04	 7.914361e-06	-8.037023e-04	 4.277723e-06	 4.417581e-02	 9.406289e-05	 7.975918e-07	 1.838600e-12	 3.298068e-04	 1.632588e-06	 9.530480e-03	 3.222785e-04	-9.372595e-05	 2.198515e-05	-8.183443e-16	
 1.191025e-04	 1.796953e-03	 1.038277e-02	-2.616658e-03	 1.732158e-03	 1.668890e-04	 1.323649e-01	 2.523293e-02	-3.890639e-02	 1.865585e-04	 2.485781e-02	 4.341294e-03	 4.833183e-05	-5.390864e-12	 1.111480e-03	 1.083455e-04	 1.037702e+00	-1.071024e+00	-4.344295e-03	 1.383037e-02	 1.635498e-14	
 1.932697e-05	 4.557596e-04	 1.533464e-03	-6.879121e-06	 1.348553e-04	 7.914361e-06	 2.523293e-02	 9.234776e-02	-2.203507e-02	 1.888409e-04	 1.251197e-05	 3.550409e-04	 7.994290e-06	 4.322295e-14	 7.219673e-04	 1.357985e-05	 1.534978e-01	-2.330390e-01	-3.537060e-04	 2.783603e-03	-2.239498e-15	
-5.035447e-05	-6.135431e-04	-2.903261e-03	-9.620491e-04	-1.285907e-04	-8.037023e-04	-3.890639e-02	-2.203507e-02	 6.897851e-01	 2.533409e-06	-7.848517e-02	-8.447361e-04	-1.961154e-05	-2.036444e-12	-1.103884e-03	-3.211791e-05	-2.901222e-01	 3.347003e-01	 8.437028e-04	-3.754231e-03	-1.305970e-14	
 2.477193e-07	 1.757328e-06	 1.826680e-05	 5.704471e-05	 4.334087e-06	 4.277723e-06	 1.865585e-04	 1.888409e-04	 2.533409e-06	 2.754482e-05	 4.066860e-04	 1.003946e-05	 9.886528e-08	 1.191872e-13	 2.510953e-05	 2.055233e-07	 1.810529e-03	-1.447705e-03	-1.010094e-05	 1.985598e-05	 2.940596e-18	
 1.634528e-04	-9.519542e-04	 8.356808e-03	 8.547331e-02	 5.463413e-03	 4.417581e-02	 2.485781e-02	 1.251197e-05	-7.848517e-02	 4.066860e-04	 4.346651e+00	 7.796811e-03	 6.623128e-05	 1.792134e-10	 3.324480e-02	 1.487964e-04	 8.401330e-01	-7.444063e-02	-7.766248e-03	 3.051375e-03	-7.284970e-14	
 7.839383e-06	 5.909625e-06	 5.777949e-04	-1.956105e-05	 1.717434e-04	 9.406289e-05	 4.341294e-03	 3.550409e-04	-8.447361e-04	 1.003946e-05	 7.796811e-03	 4.068348e-04	 3.162233e-06	-3.782389e-14	-7.296513e-05	 7.414989e-06	 5.775534e-02	-2.722907e-02	-4.067980e-04	 4.520751e-04	 7.872255e-16	
 9.625393e-08	 3.741517e-07	 5.382420e-06	 8.764849e-08	 1.352146e-06	 7.975918e-07	 4.833183e-05	 7.994290e-06	-1.961154e-05	 9.886528e-08	 6.623128e-05	 3.162233e-06	 3.898706e-08	 1.917442e-16	 2.791922e-08	 6.211745e-08	 5.378947e-04	-3.805617e-04	-3.160305e-06	 5.033962e-06	 8.490124e-18	
 4.535695e-16	-9.325872e-14	-2.814271e-13	 4.036799e-12	 6.022102e-14	 1.838600e-12	-5.390864e-12	 4.322295e-14	-2.036444e-12	 1.191872e-13	 1.792134e-10	-3.782389e-14	 1.917442e-16	 8.485914e-21	 1.557019e-12	 1.365196e-16	-2.800315e-11	 4.188380e-11	 3.912308e-14	-5.418315e-13	-4.674797e-24	
 3.634656e-08	 3.966063e-05	-7.103675e-06	 7.402200e-04	-3.454217e-06	 3.298068e-04	 1.111480e-03	 7.219673e-04	-1.103884e-03	 2.510953e-05	 3.324480e-02	-7.296513e-05	 2.791922e-08	 1.557019e-12	 4.009462e-04	 9.871505e-07	-6.822970e-04	-1.373587e-02	 7.314755e-05	 1.221061e-04	-6.881080e-16	
 1.538306e-07	 9.430675e-07	 1.254419e-05	 5.427168e-08	 3.217471e-06	 1.632588e-06	 1.083455e-04	 1.357985e-05	-3.211791e-05	 2.055233e-07	 1.487964e-04	 7.414989e-06	 6.211745e-08	 1.365196e-16	 9.871505e-07	 5.411164e-07	 1.254113e-03	-8.156922e-04	-7.406119e-06	 1.127098e-05	 1.545061e-17	
 1.330432e-03	 9.375694e-03	 1.032055e-01	-1.367891e-02	 2.399037e-02	 9.530480e-03	 1.037702e+00	 1.534978e-01	-2.901222e-01	 1.810529e-03	 8.401330e-01	 5.775534e-02	 5.378947e-04	-2.800315e-11	-6.822970e-04	 1.254113e-03	 1.031507e+01	-7.739488e+00	-5.776348e-02	 1.081765e-01	 1.499821e-13	
-9.352155e-04	-1.629453e-02	-7.744043e-02	 2.030520e-02	-1.066339e-02	 3.222785e-04	-1.071024e+00	-2.330390e-01	 3.347003e-01	-1.447705e-03	-7.444063e-02	-2.722907e-02	-3.805617e-04	 4.188380e-11	-1.373587e-02	-8.156922e-04	-7.739488e+00	 9.041811e+00	 2.724758e-02	-1.122100e-01	-1.230851e-13	
-7.834715e-06	-5.960818e-06	-5.778783e-04	 2.017482e-05	-1.717392e-04	-9.372595e-05	-4.344295e-03	-3.537060e-04	 8.437028e-04	-1.010094e-05	-7.766248e-03	-4.067980e-04	-3.160305e-06	 3.912308e-14	 7.314755e-05	-7.406119e-06	-5.776348e-02	 2.724758e-02	 4.067662e-04	-4.523719e-04	-7.869283e-16	
 1.239320e-05	 1.883628e-04	 1.082349e-03	-2.632533e-04	 1.793397e-04	 2.198515e-05	 1.383037e-02	 2.783603e-03	-3.754231e-03	 1.985598e-05	 3.051375e-03	 4.520751e-04	 5.033962e-06	-5.418315e-13	 1.221061e-04	 1.127098e-05	 1.081765e-01	-1.122100e-01	-4.523719e-04	 1.449462e-03	 1.603971e-15	
 2.113613e-17	 1.731499e-16	 1.500635e-15	-2.196126e-15	 5.514176e-16	-8.183443e-16	 1.635498e-14	-2.239498e-15	-1.305970e-14	 2.940596e-18	-7.284970e-14	 7.872255e-16	 8.490124e-18	-4.674797e-24	-6.881080e-16	 1.545061e-17	 1.499821e-13	-1.230851e-13	-7.869283e-16	 1.603971e-15	 2.699738e-26	
