#          omega_b,        omega_cdm,                h,     ln10^{10}A_s,              n_s,         tau_reio,  delta_Neff_drmd,       f_idm_drmd,      log10z_stop,         A_planck,           z_reio,     Omega_Lambda,              YHe,              A_s,           sigma8,      100*theta_s,               H0,             rs_d,          Omega_m,           f_drmd,       z_dec_drmd
 1.778103e-07	 1.102488e-07	 7.551529e-06	 1.224627e-06	 1.556868e-06	 1.088414e-06	 5.229754e-05	 5.370893e-06	 5.632482e-05	 4.062215e-07	 4.715638e-05	 5.054438e-06	 7.666577e-08	 1.980719e-15	-1.014567e-06	 1.075209e-07	 7.377898e-04	-4.707394e-04	-5.155203e-06	 5.880278e-06	 6.589795e-17	
 1.102488e-07	 1.780658e-05	 2.544797e-05	-2.063464e-05	-1.493924e-05	-1.064346e-05	 7.640290e-04	 1.252112e-04	 2.383228e-04	-6.433616e-07	-5.605286e-04	-2.369203e-05	 5.878827e-08	-5.164819e-14	 2.264717e-05	-1.894232e-07	 2.612178e-03	-8.407542e-03	 2.143473e-05	 8.722177e-05	 1.180862e-15	
 7.551529e-06	 2.544797e-05	 5.608849e-04	-8.690679e-05	 1.103583e-04	 2.063387e-05	 4.840543e-03	 5.803122e-04	 3.352854e-03	 2.453570e-05	 5.415494e-04	 3.517050e-04	 3.228736e-06	-2.174929e-13	-9.417618e-05	 6.514575e-06	 5.532908e-02	-3.772531e-02	-3.701786e-04	 5.593637e-04	-3.260071e-15	
 1.224627e-06	-2.063464e-05	-8.690679e-05	 9.160811e-04	 7.213993e-06	 3.944353e-04	-1.293225e-03	-7.218571e-04	-1.265602e-03	 5.940192e-05	 3.374147e-02	-9.886119e-06	 5.088671e-07	 1.897271e-12	 3.387196e-04	-5.251037e-07	-1.270199e-02	 1.089459e-02	 7.174586e-06	-1.620928e-04	 2.418528e-14	
 1.556868e-06	-1.493924e-05	 1.103583e-04	 7.213993e-06	 8.733140e-05	 2.809942e-05	 3.328516e-04	-1.224766e-04	 6.684564e-04	 5.936343e-06	 1.815881e-03	 1.170251e-04	 6.378415e-07	 1.793854e-14	-3.519625e-05	 2.130730e-06	 1.059577e-02	 5.742235e-04	-1.246945e-04	 3.849157e-05	-1.572912e-15	
 1.088414e-06	-1.064346e-05	 2.063387e-05	 3.944353e-04	 2.809942e-05	 2.071386e-04	-1.213993e-04	-4.039192e-04	-5.239832e-04	 5.821393e-06	 1.778323e-02	 4.326504e-05	 4.444055e-07	 8.101838e-13	 1.308363e-04	-2.420047e-06	-2.988417e-04	 2.600987e-03	-5.238837e-05	-1.559860e-05	 8.295234e-15	
 5.229754e-05	 7.640290e-04	 4.840543e-03	-1.293225e-03	 3.328516e-04	-1.213993e-04	 6.042182e-02	 8.015047e-03	 3.078483e-02	 1.293692e-04	-5.398753e-03	 1.760635e-03	 2.266461e-05	-3.239718e-12	 6.651223e-05	 2.271908e-05	 4.795095e-01	-5.422439e-01	-1.989550e-03	 6.965595e-03	 6.657660e-15	
 5.370893e-06	 1.252112e-04	 5.803122e-04	-7.218571e-04	-1.224766e-04	-4.039192e-04	 8.015047e-03	 7.932736e-02	 4.042712e-02	 7.787362e-05	-3.285590e-02	 1.725530e-04	 2.777651e-06	-1.613842e-12	-1.561955e-04	-3.807936e-07	 6.274360e-02	-7.993838e-02	-1.656281e-04	 9.777732e-04	 3.254540e-15	
 5.632482e-05	 2.383228e-04	 3.352854e-03	-1.265602e-03	 6.684564e-04	-5.239832e-04	 3.078483e-02	 4.042712e-02	 8.198284e-01	 3.411897e-04	-6.166847e-02	 1.756137e-03	 2.424535e-05	-2.818759e-12	-6.582586e-04	 5.268497e-05	 3.448012e-01	-2.721146e-01	-1.784963e-03	 3.466013e-03	 6.143742e-15	
 4.062215e-07	-6.433616e-07	 2.453570e-05	 5.940192e-05	 5.936343e-06	 5.821393e-06	 1.293692e-04	 7.787362e-05	 3.411897e-04	 2.853938e-05	 3.016956e-04	 2.054006e-05	 1.761959e-07	 1.258573e-13	 1.933783e-05	 2.426181e-06	 2.516648e-03	-9.148838e-04	-1.762626e-05	 1.159649e-05	 2.475197e-15	
 4.715638e-05	-5.605286e-04	 5.415494e-04	 3.374147e-02	 1.815881e-03	 1.778323e-02	-5.398753e-03	-3.285590e-02	-6.166847e-02	 3.016956e-04	 1.552832e+00	 2.061681e-03	 1.835914e-05	 6.915166e-11	 1.222043e-02	-2.622263e-04	-1.517414e-01	 1.591862e-01	-2.934777e-03	-7.001504e-04	 7.255109e-13	
 5.054438e-06	-2.369203e-05	 3.517050e-04	-9.886119e-06	 1.170251e-04	 4.326504e-05	 1.760635e-03	 1.725530e-04	 1.756137e-03	 2.054006e-05	 2.061681e-03	 3.171949e-04	 2.133059e-06	-2.640237e-14	-1.204773e-04	 5.171645e-06	 3.442153e-02	-7.538109e-03	-3.259711e-04	 2.066451e-04	-5.371040e-15	
 7.666577e-08	 5.878827e-08	 3.228736e-06	 5.088671e-07	 6.378415e-07	 4.444055e-07	 2.266461e-05	 2.777651e-06	 2.424535e-05	 1.761959e-07	 1.835914e-05	 2.133059e-06	 3.308972e-08	 8.094813e-16	-4.217350e-07	 4.618596e-08	 3.157264e-04	-2.065126e-04	-2.173452e-06	 2.547690e-06	 2.997213e-17	
 1.980719e-15	-5.164819e-14	-2.174929e-13	 1.897271e-12	 1.793854e-14	 8.101838e-13	-3.239718e-12	-1.613842e-12	-2.818759e-12	 1.258573e-13	 6.915166e-11	-2.640237e-14	 8.094813e-16	 3.939067e-21	 6.927425e-13	-5.677305e-16	-2.987515e-11	 2.812959e-11	 2.352890e-14	-4.009568e-13	 4.936567e-23	
-1.014567e-06	 2.264717e-05	-9.417618e-05	 3.387196e-04	-3.519625e-05	 1.308363e-04	 6.651223e-05	-1.561955e-04	-6.582586e-04	 1.933783e-05	 1.222043e-02	-1.204773e-04	-4.217350e-07	 6.927425e-13	 2.051508e-04	-8.500554e-07	-1.071016e-02	-4.948736e-03	 1.170087e-04	 1.694598e-07	 1.293291e-14	
 1.075209e-07	-1.894232e-07	 6.514575e-06	-5.251037e-07	 2.130730e-06	-2.420047e-06	 2.271908e-05	-3.807936e-07	 5.268497e-05	 2.426181e-06	-2.622263e-04	 5.171645e-06	 4.618596e-08	-5.677305e-16	-8.500554e-07	 8.212735e-07	 6.881932e-04	-1.841332e-04	-4.829296e-06	 2.075497e-06	 9.333848e-17	
 7.377898e-04	 2.612178e-03	 5.532908e-02	-1.270199e-02	 1.059577e-02	-2.988417e-04	 4.795095e-01	 6.274360e-02	 3.448012e-01	 2.516648e-03	-1.517414e-01	 3.442153e-02	 3.157264e-04	-2.987515e-11	-1.071016e-02	 6.881932e-04	 5.492767e+00	-3.758281e+00	-3.609274e-02	 5.545351e-02	-3.802078e-13	
-4.707394e-04	-8.407542e-03	-3.772531e-02	 1.089459e-02	 5.742235e-04	 2.600987e-03	-5.422439e-01	-7.993838e-02	-2.721146e-01	-9.148838e-04	 1.591862e-01	-7.538109e-03	-2.065126e-04	 2.812959e-11	-4.948736e-03	-1.841332e-04	-3.758281e+00	 5.285315e+00	 9.293819e-03	-6.216504e-02	-4.247854e-13	
-5.155203e-06	 2.143473e-05	-3.701786e-04	 7.174586e-06	-1.246945e-04	-5.238837e-05	-1.989550e-03	-1.656281e-04	-1.784963e-03	-1.762626e-05	-2.934777e-03	-3.259711e-04	-2.173452e-06	 2.352890e-14	 1.170087e-04	-4.829296e-06	-3.609274e-02	 9.293819e-03	 3.375162e-04	-2.335476e-04	 5.509891e-15	
 5.880278e-06	 8.722177e-05	 5.593637e-04	-1.620928e-04	 3.849157e-05	-1.559860e-05	 6.965595e-03	 9.777732e-04	 3.466013e-03	 1.159649e-05	-7.001504e-04	 2.066451e-04	 2.547690e-06	-4.009568e-13	 1.694598e-07	 2.075497e-06	 5.545351e-02	-6.216504e-02	-2.335476e-04	 8.053015e-04	 2.798715e-16	
 6.589795e-17	 1.180862e-15	-3.260071e-15	 2.418528e-14	-1.572912e-15	 8.295234e-15	 6.657660e-15	 3.254540e-15	 6.143742e-15	 2.475197e-15	 7.255109e-13	-5.371040e-15	 2.997213e-17	 4.936567e-23	 1.293291e-14	 9.333848e-17	-3.802078e-13	-4.247854e-13	 5.509891e-15	 2.798715e-16	 1.145292e-24	
